50.4
51.04
50
50.84
50.5
51.32
50.14
50.92
49.9
50.56
51.2
51.48
50.28
52.3
51.36
51.66
49.72
50.44
51.56
51.1
51.18
49.62
51.36
50.1
50.28
50.42
50.3
52.2
51.7
50.76
49.2
51.76
51.38
50.48
50.9
51.16
50.66
49.14
51.5
49.86
50.66
49.96
51.54
51.12
49.7
49.4
50.36
50.46
50.46
50.32
50.8
50.86
50.46
50.34
51.66
50.7
51.28
50.06
50.46
49.8
49.44
50.56
50.3
50.56
50.72
50.52
50.84
49.76
52.12
51.56
49.62
49.68
50.66
51.56
50.12
52.24
51.54
51.74
50.5
51.02
50.26
51.8
50.22
51.28
50.12
50.32
50.16
50.62
50.78
50.48
50.72
51.2
51.98
51.4
52.92
50.54
50.36
50.44
51.14
51.58
51.22
49.94
50.98
49.6
50.04
50.62
51.58
51.44
50.02
50.98
50.6
50.92
50.66
51.6
51.14
50.24
49.82
50.04
50.6
51.5
50.86
50.3
50.08
50.76
51.18
51.78
52.08
51.08
51.2
50.82
48.9
50.06
51.64
50.76
51.32
50.66
50
51.44
51.06
50.34
51.74
49.98
51.96
51.54
50.78
51.08
51.16
50.1
50.44
51.02
50.64
51.18
49.46
50.62
49.44
50.8
50.6
50.28
50.06
50.36
50.66
51.04
50.68
49.06
51.18
51.36
49.56
50.68
51.14
50.16
51.18
50.68
50.62
50.28
51.36
51.36
50.82
51.52
51.12
51.12
50.48
50.46
51.36
51.74
50.28
52.28
52.56
50.3
50.96
50.06
50.36
51.66
52.18
51.26
51.24
49.8
51.1
50.92
51.52
51.38
50.68
50.62
50.18
50.48
51.1
52.06
50.1
50.86
51.86
49.7
50.12
51.92
50.96
48.66
50.74
51.9
52.32
49.58
50.16
51.58
50.82
48.44
51.46
50.68
51.16
51.76
50.54
51.14
50.58
50.92
50.6
51.46
50.88
49.58
50.1
50.16
50.14
51.2
50.6
50.12
50.72
50.5
51.88
51.92
51.38
49.7
50.12
50.86
50.74
51.34
50.96
50
52.08
50.76
52.2
52.5
51.1
51.48
50.54
50.8
50.48
50.82
49.9
50.26
50.84
50.96
51.18
51.86
49.98
50.14
48.94
50.58
50.72
50.26
49.44
50.04
50.98
52.06
50.1
50.44
51.3
49.96
50.56
51.42
50.38
51.34
51.06
52
50.82
52.72
52.24
51.76
50.08
50.04
51.06
50.34
50.54
49.62
51.2
50.12
50.34
49.4
51.38
51.32
51.34
50.28
51.9
50.48
50.68
49.16
50.46
51.78
51.18
50.54
50.66
51.06
50.82
50.92
52.26
51.1
49.78
49.64
51.02
50.74
50.94
50.88
49.92
52.1
51.4
50.14
51.24
51.1
50.68
51.24
50.5
50.92
49.5
51.52
50.32
49.3
51.18
49.32
51.48
50.68
51.38
51.74
51.42
50.76
51.94
50.62
49
50.52
50.68
50.6
50.7
50.14
50.12
51.32
51.24
51.08
51.82
51.58
50.44
51.3
50.22
50.08
50.54
50.82
50.96
50.62
50.48
51.24
50.62
49.98
52.18
52.14
49.92
52.22
50.94
50.58
51.04
50.18
50.54
50.48
50.3
50.38
51.28
49.56
50.06
51.76
49.86
51.16
50.78
49.76
50.68
50.6
50.72
50.36
49.84
50.28
50.9
51.48
50.72
51.16
51.44
50.64
49.88
51.66
51.88
49.7
50.7
50.84
49.3
51.38
51.46
50.8
50.8
51.88
51.44
50.98
49.32
50.52
49.52
51.82
50.72
51
53.22
50.9
51.7
50.76
51.12
51.3
51.84
51.26
51.44
49.5
49.88
49.94
51.1
51.46
50.98
52.06
49.5
50.6
50.8
50.74
51.7
50.22
50.96
52.14
50.6
49.98
51.56
50.24
49.4
52.02
49.48
51.44
50.24
50.9
50.34
51.94
49.2
51.62
50.08
51.5
50.86
51.22
49.78
50.98
50.32
50.74
50.82
50.46
50.56
49.94
49.76
50.88
50.5
50.86
49.84
49.28
51.7
51.44
49.74
49.74
50.48
51.04
50.1
50.42
51.48
51.4
50.6
50.94
51.96
51.02
51.38
51.4
49.82
50.24
52.26
51.46
51.02
50.64
49.96
50.6
49.16
50.48
51.32
52.36
51.1
51.08
49.66
49.66
49.6
49.94
50.56
50.52
49.74
50.94
52
50.98
49.82
50.68
50.54
50.46
50.94
51.22
50.72
49.98
51.28
51.38
49.84
50.94
51
51
50.28
50.38
50.5
52.46
51.82
50.46
50.84
50.56
51.1
50.14
51.52
48.4
49.84
50.86
49.62
50.64
52.52
50.58
49.92
51.02
48.5
50.54
50.64
51.88
51.6
51.2
50.46
50.24
50.64
50.7
50.72
50.22
49.02
52.2
50.74
50.64
49.76
50.16
50.08
53.06
51.12
51.12
51.38
49.86
51.12
49.7
51.6
50.5
51.28
50.94
50.44
51.38
50.42
49.52
50.86
50.48
50.2
51.36
51.3
50.52
48.98
51.22
50.78
49.82
50
52.62
50.9
51.62
49.88
51.18
50.96
50.24
50.22
50.42
51.02
50.86
50.64
50.32
51.34
50.34
50.34
50.92
49.9
51.4
50.1
50.74
50.62
51.66
51.4
48.78
50.82
50.68
51.62
50.18
49.94
48.9
49.48
49.7
49.92
50.34
51.96
49.84
49.64
50.78
51.34
51.58
50.86
49.72
51.34
50.5
51.38
51.9
51.26
51.78
51.14
52.06
50.16
50.7
51.44
50.54
51.22
50.58
50.8
52.02
50.6
50.14
51.34
51.8
50.68
50.98
50.52
50.12
51.34
51.16
51.06
49.76
50.32
50.8
51.26
51.24
50.44
51.08
50.78
51.36
51.2
50.32
51.12
50.92
50.42
51.6
50.1
50.26
51.5
51.56
50.2
51.2
51.88
50.84
50.56
50.08
52.5
50.34
49.72
50.48
49.84
51.48
51.36
51.8
51.6
50.06
50.6
51.16
50.44
52.2
51.56
51.34
51.24
50.14
50.8
51.42
51.62
52.22
51.04
51.64
49.38
50.7
51.2
50.84
50.52
50.1
51.76
50.38
51.84
50.2
50.04
51.48
51.18
50.42
50.86
51.18
52.02
49.48
51.88
51.46
51.68
49.42
49.56
50.98
50.52
51.02
50.12
50.9
49.86
52.14
51.68
50.54
51.86
49.94
50.8
51.14
50.82
51.34
50.18
51.96
50.06
50.68
51.18
52.3
50.84
51.4
50.26
51.2
52.02
49.34
50.02
50.08
51.76
49.6
50.56
48.5
51.4
51.54
51.44
50.62
50.7
51.6
50.44
51
49.86
52.06
50.14
50.34
49.78
50.26
51.26
50.72
50.64
49.02
51.34
50.88
50.82
52.56
49.62
50.72
50.3
51.74
50.36
51.04
51.3
50.82
51.38
51.26
50.84
49.6
51.82
49.88
50.52
51.52
50.5
49.2
49.18
49.62
50.82
51.36
50.38
51.04
49.84
50.8
50.6
51.68
50.86
51.06
50.08
50.18
49.62
49.66
51.46
50.32
50.48
50.5
49.46
49.54
49.58
50.38
51.58
51.5
52.18
50.42
51.44
50.34
50.94
51
51.76
50.96
50.94
51.68
51.18
50.38
51.16
52.12
49.62
51.24
51.3
51.72
49.86
51.1
51.06
49.52
51.1
49.68
52.14
49.92
50.6
49.1
50.78
51.3
52.24
50.54
51.1
51.84
50.5
50.48
51.54
49.32
50.5
51.84
50.26
51.26
50.1
49.44
50.64
51.52
50.22
49.96
51.3
49.94
49.78
50.3
50.66
50.62
49.68
50.46
49.44
52.08
50.8
50.6
51.66
51.86
51.14
50.6
49.74
51.48
51.24
50.76
51.84
51.76
50.28
50.5
51
52
50.44
50.52
50.36
51.28
49.8
52.02
49.7
50.66
52.58
49.12
51.78
50.18
51.68
50.66
50.58
51.4
50.14
49.84
50.44
51.22
50.64
50.52
50.6
50.96
50.78
52.68
50.66
49.64
51.42
50.46
50.86
52.22
51.32
50.2
52.08
51.1
50.28
50.98
49.58
49.84
51.02
48.62
49.56
50.04
50.82
50.02
51.4
51.54
52.18
49.82
51.56
51.5
50.58
50.82
51.78
49.34
51.66
50.12
50.68
51.86
49.74
51.52
50.5
51.04
51.42
50.82
51.06
50.46
50.9
50.96
51.54
49.54
50.74
52.52
49.72
50.9
50.48
51.28
50.82
50.24
50.92
50.42
51.2
51.04
51.12
50.96
51.3
51.38
51.6
50.8
49.66
51.7
50.22
51.08
50.16
50.36
49.56
51.78
51.1
51.02
51.46
50.64
50.4
50.74
50.8
50.38
49.36
50.8
51.46
49.24
51.38
49.76
50.6
50.22
49.62
50.52
50.98
52
51.6
49.8
50.02
51.28
50.8
51.68
50.26
50.36
51
51.08
50.68
51.02
51.94
51.54
51.42
50.1
50.76
51.28
50.96
50.68
51
50.64
50.76
49.9
51.48
50.1
51.56
52.34
51.48
49.88
50.46
50.78
51.06
50.12
51.14
49.4
51.78
49.64
51.66
51.14
50.82
50.4
50.54
52.12
51.48
51
47.7
50.16
50.24
51.1
50.54
49.7
50.06
51.38
49.42
50.9
49.76
50.84
51.48
50.04
50.42
51
51.78
50.86
50.42
50.96
52.24
49.04
50.24
50.22
50.08
50.84
51.32
51.82
51.4
50.88
50.68
50.3
50.64
50.76
49.08
49.52
50.52
50.08
50.14
51.24
49.44
50.08
50.64
51.14
49.66
50.02
50.72
50.96
52.12
51.46
51.34
52.54
51.92
50.84
49.62
50.96
51.42
50.28
51.42
51.74
50.58
50.36
49.18
50.94
50.36
51.52
50.34
51.38
51.22
50.2
50.94
50.72
51.02
51.32
49.68
50.56
50.4
50.98
50.48
51.52
49.62
50.46
51.68
50.46
50.5
52.02
52.48
50.78
51.2
50.16
50.64
51.46
50.62
50.22
51.72
51.92
51.34
50.12
49.1
52.22
50.86
50.6
50.36
49.34
50.22
52.1
50.86
50.3
50.28
51.44
51.42
51.88
49.02
50.66
50.96
50.44
51.1
51.3
51.44
52.04
50.88
51.62
51.22
50.32
51.24
50.84
50.34
49.96
51.7
49.42
50.74
51.3
51.32
48.22
50.7
49.5
50.1
50.46
49.7
49.36
49.9
51.02
51.12
50.16
51.02
51.98
49.18
49.66
51.52
52.74
50.6
50.12
50
50.84
50.54
51.1
50.26
52.02
51.16
50.68
51.02
51.42
50.38
51.08
50.56
50.58
50.38
50.2
51.4
50.12
51.66
50.9
50.94
51.9
49.92
49.46
51.42
51.3
50.38
52.82
49.76
51.04
50.42
49.84
51.74
49.5
50.6
49.66
50.16
50.76
49.06
51.88
50.52
48.32
51.28
50.64
50.34
51.4
49.44
50.86
50.64
51.5
49.52
51.56
50.7
50.34
51.26
50.58
49.58
50.36
50.4
50.46
50.2
51.24
50.5
51.82
50.12
50.54
50.3
50.78
51.86
52.38
50.3
51.56
51.32
49.72
51.4
51.76
50.84
49.92
49.52
51.2
50.72
51.82
49.4
50.4
49.36
50.72
50.94
51.62
51.04
51.28
50.06
51.28
51.6
51.42
50.16
50.26
50.56
51.9
50.32
50.54
50.64
50.36
50.5
49.98
50.72
49.66
50.92
51.92
51.12
50.78
50.8
50.64
51.68
51.3
50.56
52.32
51.16
50.02
50.86
51.88
50.16
50.04
49.38
50.06
49.68
52.56
51.08
50.4
51.66
49.2
51.1
50.44
49.48
49.96
50.86
50.04
51.1
51.04
50.22
50.74
49.6
50.1
50.52
50.68
50.36
51.16
50.92
50.74
50.34
50.34
50.04
50.38
50.24
51.14
50.02
50.74
52.02
51.04
51
50.22
51
49.98
50.88
50.52
51.32
49.64
50.48
51.68
50.46
51.38
50.54
50.94
50.62
49.68
50.92
50.64
50.92
51.2
51.26
49.78
51.2
50.14
51.9
52.14
50.9
50.1
52.04
50.72
50.32
49.42
51.12
49.86
49.28
51.22
50.7
50.6
50.62
51.08
50.74
51.58
49.8
50.5
49.64
50.56
51.12
49.36
51.48
50.74
50.34
49.5
50.42
50.36
50.28
50.14
51.34
50.68
52.26
50.46
51.06
49.38
51.94
50.66
52.1
49.84
50.68
49.38
51.94
51.18
50.52
51.28
50.8
51.52
51.52
51.1
50.58
50.94
51.02
51.74
51.2
50.82
50.56
50.78
50.58
50.12
51.12
50.66
49.68
51.58
51.08
50.28
51.6
51.56
51.36
51.08
50.34
49.52
50.92
50.84
49.56
51.42
50
50.74
49.66
50.36
49.54
49.92
50.62
49.98
52.14
48.52
48.84
49.52
50.88
50.64
50.22
51.22
50.52
50.94
50.72
50.68
50.68
50.94
49.04
50.8
51.64
50.44
50.58
51.06
50.36
50.74
49.56
49.86
50.16
49.08
50.18
50.14
50.6
48.76
51
50.08
52.16
51.72
51.54
51.48
50.16
50.88
50.72
50.36
51.48
52.46
51.92
51.82
49.98
51.96
51.66
51.82
51.48
49.72
50.76
49.1
51.2
49.18
49.76
50.32
50.58
50.4
51.28
49.68
50.44
51.26
51.76
50.62
51.04
50.7
52.6
50.88
50.92
50.5
50.02
50.32
50.74
51.52
49.86
52.12
51.42
50.5
51.68
51.5
51.16
50.56
51.5
52.26
49.74
51.4
50.76
51.38
52.08
50.68
49.96
51.12
51.26
48.88
51.16
49.88
49.94
50.14
49.56
48.7
50.62
51.68
49.68
51.88
50.56
51.38
50.5
49.74
51.76
50.36
50.22
50.66
50.64
50.48
48.74
49.58
52.12
50.14
49.78
50.16
50.94
50.5
50.62
52.56
51.74
50.02
50.6
50.62
49.88
50.28
49.5
49.5
50.86
50.08
51.58
50.46
50.76
50.1
51.2
50.22
49.48
50.18
50.42
50.84
51.16
50.38
51.38
51.4
50.52
51.54
50.82
51.6
50.12
50.38
50.72
50.96
51.62
50.86
51
51.12
50.12
50.76
50.6
50.44
50.2
51.3
51.68
51.2
48.42
51.28
50.36
51.38
50.52
50.12
50.04
50.68
50.04
50.84
50.5
49.94
51.28
50.68
50.4
51.04
51.4
51.14
50.2
48.96
50.24
51.38
52.08
50.52
51.48
50.56
51.3
52.2
50.82
51.68
51.14
50.42
50.24
49.58
51.24
51.24
50.86
50.56
50.88
50.36
50.58
49.46
51.08
51.38
49.84
51.14
50.34
50.62
48.98
50.92
51.46
50.46
51.56
51.42
50.2
50.48
50.16
51.34
50.92
49.56
50.74
52.76
51.06
49.94
50.92
50.6
50.3
50.38
50.06
49.7
49.64
51.46
51.14
50.84
50.76
51.46
50.32
50.22
50.56
51.12
49.08
50.16
51.4
49.96
51.76
52.32
51.36
52.44
51.62
49.72
51.02
49.84
49.78
50.04
50.24
50.68
49.58
51.26
50.6
51.06
51.04
51.68
51.4
51.7
51.66
50.1
51.24
50.22
50.6
51.76
52.06
50.26
51.24
52.72
49.3
49.04
51.48
50.14
50.12
49.9
50.86
52.36
50.68
50.76
50.74
51.48
51.98
50.98
51.78
51
50.58
51.02
50.38
50.26
49.2
51.1
49.4
49.46
50.86
49.34
48.96
50.4
50.28
50.82
50.42
50.6
50.78
52.52
50.7
49.42
51.02
51.08
50.26
52.22
50.48
49.7
50.34
51.04
51.12
51.12
50.18
51.46
50.52
50.04
50.04
51.6
51.08
51.18
50.32
51.34
51.18
52.32
50.92
49.2
51.28
50.68
50
50.36
51
49.84
51.24
50.5
51.22
50.68
50.28
50.44
49.84
50.28
51.54
52.1
51.4
49.74
50.8
51.56
49.94
51.22
49.56
50.86
50.02
49.54
51.78
50.24
50.72
51.34
50.52
49.66
50.78
51.22
50.5
49.9
49.2
50.94
51.06
50.6
50.14
51.46
51.46
52.1
50.66
49.5
51.3
51.42
49.44
51.24
52.06
49.64
51.28
51.24
49.48
50
50.76
51.04
50.8
50.08
49.98
52.7
50.14
50.62
50.86
50.56
50.26
49.34
50.74
51.06
50.6
51.54
50.82
49.82
51.44
50.92
50.46
52.04
49.6
49.96
49.44
51.42
52.5
51.28
50.88
50.04
50.54
50.46
50.1
50.24
51.1
51.36
49.76
49.78
50.82
50.28
50.74
49.04
49.1
50.04
49.76
49.82
50.04
51.04
49.92
50.88
49.46
50.94
51.26
50.56
48.82
52.38
50.46
51.18
51.42
50.16
51.42
50.82
51.84
51.58
49.36
51.22
50.52
49.04
49.64
51.04
50.5
51.76
51.4
49.84
51.04
49.84
51.5
50.24
50.44
51.64
51.3
50.66
51.86
50.2
51.16
50.02
50.72
51.52
50.4
50.4
50.28
49.4
50
49.3
51.16
49.94
51.38
51.28
51.24
50.74
50.44
51.2
50.36
50.82
51.28
50.3
50.6
51.76
50.5
50.54
50.68
50.6
50.86
50.68
50.78
50.04
50.98
51.86
51.12
51.92
51.84
49.94
49.12
51.18
50.32
51.26
50.28
49.88
50.6
50.24
49.94
50.22
50.36
50.16
49.96
50.04
51.6
49.88
50.88
51.1
50.84
50.78
51.4
51.28
50.82
49.68
50.46
50.1
49.26
50.7
51.84
51.66
51.02
50.2
49.74
51.82
50.3
51.52
49.42
50.32
51.42
50.24
50.86
52.16
50.04
50.28
52.44
49.98
51.28
51
50.8
51.92
50
50.92
49.6
49.82
50.7
50.76
50.1
50.78
49.5
49.52
49.96
51.64
51.02
50.78
50.74
49.58
52.08
52.28
51.68
51.04
50.22
49.66
50.22
50.44
50.1
49.88
51.22
51.2
51.48
51.54
50.58
50.88
50.2
51.14
49.74
50.48
49.74
51.86
49.42
51.88
50.48
50.2
51.36
50.98
50.46
50.34
51.3
51.28
49.92
51.9
50.46
50.48
50.6
51.14
48.78
50.74
51.38
48.92
50.04
51.68
50.04
49.66
49.78
52.04
49.38
50.58
51.3
49.82
51.14
51.7
49.68
50.4
50.8
50.76
50.94
50.92
51.54
52.1
50.44
50.56
49.96
50.68
51.08
51.08
51.7
51.5
49.62
50.28
51.14
51.48
50.68
52.1
51.46
49.74
51.2
50.28
49.78
52.1
50.48
50.48
50.2
50.22
50.92
50.32
50.08
49.78
51.26
51.34
50.78
49.62
51.02
50.86
50.62
51.5
50.3
49.92
49.22
51.78
50.46
51.1
50.84
50.8
50.62
51.78
50.9
51.18
51.32
50.06
52.28
50.54
50.18
50.28
50.28
51.48
53.4
49.6
51.28
52.02
49.68
51.64
50.56
50.62
50.22
50.24
49.38
49.44
50.38
50.72
51.52
50.6
50.96
50.48
51.54
50.84
51.76
49.9
50.62
50.04
51.02
50.46
49.56
50.88
50.74
51.92
52.28
50.74
50.68
51.64
51.16
51.92
50.08
50.38
51.02
49.86
49.96
50.46
49.94
49.78
50.38
50.62
51.3
51.94
51.22
50.92
50.94
51.9
50.14
52.1
49.86
51.24
48.6
51.38
52.04
49.78
50.1
50.56
50.68
51.58
51.22
51.32
51.42
51.78
50.16
51.16
51.42
51.34
51
50.24
50.88
50
50.6
51.1
51.44
49.28
51.86
51.04
52.1
49.98
51.96
50.76
50.12
51.32
50.02
49.4
50.7
50.76
50.12
50.02
51.04
49.52
51.48
51.58
51.82
50.92
51.48
50.1
50.7
50.26
50.8
51.22
50.12
50.46
50.2
49.24
49.92
50.42
52.12
51.74
51.68
50.3
51.28
51.58
49.68
49.92
51.3
51.02
50.56
51.6
50.24
51.34
50.26
50.6
50.58
49.86
51.06
50
51.8
50.3
50.28
51.52
49.62
50.6
51.06
49.36
50.4
50.48
48.76
51.3
49.88
50.56
51.4
51.1
49.78
50.68
51.68
51.3
51.36
51.24
51.12
51.48
50.66
49.62
50.46
52.36
51.32
52.06
49.2
49.62
50.9
51.2
51.38
50.34
50.04
51.36
51.14
52.48
51.76
51.88
49.54
50.18
51.14
49.52
49.92
50.8
50.42
50.86
50.72
50.04
49.92
50.72
49.7
51.66
50.66
50.04
51.36
51.54
50.86
50.84
51.44
49.74
49.24
50.92
50.86
50.84
51.34
51.2
50.86
50.88
49.76
50.08
51.06
50.18
51.54
50.1
52.84
50.52
50.34
50.48
50.82
50.58
51.36
50.48
49.18
50.5
50.9
52.1
49.92
51.06
51.6
49.78
50.88
50.18
50.14
50.06
49.58
50.44
50.66
50.76
50.62
50
52.74
49.84
49.78
51.32
52.18
51.1
51.64
50.7
50.18
50.74
50.96
50.52
51.48
50.48
50.3
50.54
51.34
51.5
50.16
52.38
50.78
51.28
49.68
52.42
50.48
49.6
51.78
51.48
51.44
50.42
51.26
50.62
51.58
51.36
51.8
50.46
50.54
51.04
50.3
52.02
50.86
50.44
51.32
49.94
51.36
51
50.72
52.06
50.64
48.7
50.46
51.66
51.24
51.56
50.7
50.68
49.76
51.34
51.66
51.12
50.82
49.78
51.08
50.56
49.4
50.9
51.3
50.66
51.66
50.48
50.58
50.32
50.66
51.16
49.8
50.88
51.48
51.56
50.6
51.9
51.92
50.42
50.6
51.38
51.74
50
49.98
50.92
50.58
50.56
52.3
50.72
49.62
50.18
50
51.08
51.4
52.28
51.8
49.2
50.62
51.04
50.06
49.46
50.1
50.98
51.58
50.5
50.28
50.98
50.54
51.6
50.84
49.06
51.68
50.5
49.02
50.08
50.26
51.4
51.12
51.62
51.62
51.36
50.1
50.98
48.8
50.2
51.28
49.64
51.32
49.44
51.72
49.48
51.08
50.62
49.98
50.14
50.1
51.18
50.5
51.44
50.8
51.04
51.42
50.24
52.34
50.78
50.16
51.72
51.08
51.36
51.74
50.56
50.38
49.94
48.7
49.98
51.96
50.26
50.5
50.44
50.6
50.44
50.42
50.58
50.34
50.58
49.8
51.34
50.9
50.82
51.46
50.54
50.48
50.32
50.28
52.14
50.86
50.14
51.74
51.18
50.9
49.72
51.42
51.04
50.02
50.34
50.32
51.4
50.24
51.56
50.8
51.68
50.1
50.58
49.74
51.58
50.96
51.84
48.66
50.72
49.88
51.06
50.36
50.66
50.72
50.38
49.52
50.62
50.36
51.5
50.06
50.78
50.94
49.26
52.5
51.42
50.36
51.12
51.64
50.7
51.28
50.4
50.1
49.8
51.48
50.18
50.8
52.26
50.66
51
50.42
50.9
51.8
49.86
52.12
51.24
49.86
51.1
51.56
50.34
49.9
51.06
48.92
51.4
50.4
49.76
50.16
52.44
51.42
51.64
49.58
50.86
49.38
49.34
51.74
49.6
51.62
50.54
51.06
51.36
51.26
50.32
50.96
50.86
50.46
50.32
51.28
50.2
48.8
51.38
50.22
50.5
50.96
51.36
49.48
50.4
50.66
50.46
49.2
50.1
50.02
51.16
48.82
49.88
51.46
51.86
50.94
50.94
50.94
52
51.2
49.78
50.7
51.78
51.88
51.74
50.28
51.82
50.16
51.84
50.22
50.24
51.16
51.34
50.14
51.76
50.66
49.4
49.58
50.48
50.68
50.94
50.48
51.22
50.42
52.24
50.78
51.98
50.68
49.88
50.2
51.2
51
50.62
48.66
48.66
50.44
50.88
50.68
50.38
49.76
50.7
51.44
50.56
49.64
51.38
51.06
50.84
50.42
50.64
51.54
51.12
50.48
49.36
51.08
51.26
50.62
51.58
51.62
51.56
50.32
50.46
50.26
48.5
50.7
52.18
51.76
50.34
51.94
50.26
50.38
50.18
49.34
50.7
50.7
50.62
50.84
51.18
49.68
50.4
50.26
51.82
50.96
50.48
49
50.88
50.38
50.8
50.26
51.66
51.62
50.8
50.86
51.28
50.4
51.36
50.44
50.68
52.36
50
50.16
50.78
50.18
51.52
51.54
50.82
50.44
50.6
50.66
51.28
50.38
50.16
50.54
51.4
49.58
50.78
50.86
50.62
51.12
50.98
51.02
50.04
50.32
50.62
49.16
51.12
49.98
51
50.96
50.24
50.72
50.66
50.52
51.38
50.56
52.16
50.42
50.64
50.9
51.74
50.62
50.4
50.72
51.3
51.98
49.68
50.62
50.52
51.28
51.1
50.5
49.86
51.04
49.36
51.58
51.44
49.32
50.44
50.8
51.7
50.3
50.78
50.86
51.7
50
51.52
48.78
50.72
50.46
50.76
50.82
51.54
50.3
50.68
51.24
51.66
49.92
51.06
49.14
50.48
50.24
49.7
50.44
51.68
51.26
50.26
51.24
51.54
51.74
50.74
50.34
49.94
50.7
50.54
50.54
50.62
50.6
51.28
49.98
50.44
51.4
50.66
50.44
49.64
50.6
49.86
51.38
50.88
50.7
49.56
51.36
50.92
49.88
49.96
50.74
50.38
49.36
49.78
50.92
50.58
50.68
50.38
50.06
49.84
50
51.64
50.8
50.38
50.82
51.32
49.82
50.52
50.86
50.72
51.14
52.08
51.02
50.94
51.16
51.02
51.42
50.62
50.54
51.3
50.9
51.16
50.9
51.1
50.64
51.48
49.8
50.1
50.84
49.9
49.9
50.78
50.56
50.58
50.82
51.42
51.28
51.9
50.26
50.84
51.08
50.06
50.78
50.24
49.54
49.84
50.88
51.66
50.24
49.44
50.48
50.98
50.96
50.32
50.62
50.84
50.88
52
49.54
51.8
50.66
51.36
51.72
50.04
50.04
50.18
51.14
51.5
50.26
51.02
48.6
52.08
51.46
49.9
50.64
51.48
50.9
51.48
50.68
49.84
51.34
50.06
50
50.5
51.5
50.08
50.28
50.28
52.58
51.16
51.12
50.84
51.74
51.18
50.96
50.16
51.28
51.28
50.26
49.34
50.84
49.92
50.24
50.86
49.72
50.14
50.92
51.28
51.24
50.7
50.14
51.1
50.7
50
51.6
51.06
50.86
50.88
51.98
50.4
51.6
50.7
51.74
49.94
52.5
51.06
50.56
49.06
51.6
50.32
50.1
51.92
50.42
50.72
50.08
50.36
51.4
51.62
51
51.42
51.56
51.18
49.12
49.84
49.62
51.52
50.46
51.34
50.62
49.22
49.96
50.5
49.86
49.24
51.34
49.94
51.26
49.16
50.7
51.78
51.5
50.58
50.38
50.42
50.88
49.9
50.1
49.26
51.52
51.54
50.38
50.8
51.38
51.34
51.38
50.58
50.62
51.68
51.74
50.12
51.7
51.4
52.06
50.22
51.3
51.24
50
50.96
50.16
50.56
49.02
51.68
52.7
50.88
51.6
50.54
51.02
51.58
49.74
50.88
50.38
50.56
50.76
51.06
51.96
50.9
50.16
51.2
49.7
50.1
50.96
50.38
50.7
51.14
49.32
51.46
50.34
50.8
50.68
51.02
50.54
50.68
51
50.32
50.7
50.82
52.24
50.38
50.48
50.9
51.14
50.76
51.18
51.46
50.16
49.94
50.56
50.46
50.08
51.14
51.06
49.86
52.46
49.72
50.66
50.24
50.84
50.88
51.1
48.82
48.92
49.72
50.06
51.22
50.9
49.44
50.5
49.64
52.76
51.22
51.06
52.36
50.42
50.88
50.96
50.74
50.08
50.4
50.88
50.26
50.88
49.78
50.88
50.18
51.34
49.86
50.52
50.48
49.16
51.3
51.42
50.7
50.96
51.06
49.98
50.66
50.88
50.44
49.52
48.82
51.4
49.84
51.32
50.14
48.52
50.28
50.36
50.92
51.68
50.54
51.3
51.9
50
51.06
51.56
51.88
51.68
52.1
51.86
50.52
50.5
49.16
50.18
49.92
49.66
51.44
50.66
51.34
51.76
50.38
51.3
49.76
51.36
51.16
49.48
50.76
50.24
50.78
51.06
51.5
52.46
50.3
50.46
50.26
51.48
50.62
51.68
51.2
50.84
50.2
51.16
50.24
51.32
50.72
49.68
49.98
50.56
52.42
51.58
51.04
50.36
50.42
51.04
50.94
50.94
50.88
49.96
50.08
50.2
49.8
51.28
51.52
51.18
51.92
52.68
51.5
51.18
50.56
48.96
49.7
50.12
50.06
50.68
50.56
50.8
49.94
50.84
50.84
50.46
50.16
50.68
50.78
50
50.56
51.98
51.12
50.88
50.02
50.56
51
50.78
49.74
49.92
51.62
50.92
51.12
50.66
50.4
51.08
52.14
52.32
49.96
50.24
49.96
51.32
51.2
51.06
50.54
50.14
51.62
50.78
49.86
51.3
51.2
50.76
51.12
50.4
51.8
52.06
50.42
49.06
49.98
51.56
49.7
50.16
50.12
50.68
50.28
52.06
51.8
50.86
49.6
50.7
51.08
52.48
51.86
49.7
50.08
50.66
50.76
51.5
51.56
50.54
50.8
50.1
51.16
50.54
51.34
51.98
51.76
50.1
51.82
50.1
50.1
49.7
51.36
49.92
49.92
50.98
50.36
51.72
51.6
49.38
50.86
51.14
49.86
50.58
49.98
49.92
48.54
50.4
49.84
49.48
50.96
51.2
50.72
49.56
51.24
50.7
49.46
51.26
51.28
49.6
50.08
52.04
50.56
50.54
50.1
51.22
50.92
50.16
48.8
50.34
49.54
50.46
51.24
50.08
50.86
49.92
52.08
50.64
50.24
50.78
50.42
51.4
51.44
49.26
49.2
50.48
50.72
50.64
51.12
52.14
50.7
51.04
51.64
53.26
51.8
50.06
51.52
50.58
49.76
50.62
49.98
50.66
51.86
51.1
52.02
50.66
49.24
51.18
52.12
51.18
49.86
49.66
50.3
51.22
49.68
51.44
49.98
50.16
50.86
51.04
50.66
50.06
51
50.94
50.68
50.48
50.64
51.08
51.1
51.1
51.32
50.54
50.32
51.68
49.18
51.18
50.84
50.14
49.34
51.56
48.86
50.6
52.82
49.88
51.58
51.46
49.46
49.72
51.64
51.7
51.7
51.84
49.68
51.44
50.44
51.8
51.78
50.12
50.36
51.56
50.72
48.64
51.06
52.18
51.22
50.34
52.46
51.32
51.88
50.92
51.46
50.34
50.88
50.78
50.3
49.84
51.14
50.36
50.44
51.16
51.34
49.96
49.7
50.86
51.32
51.46
50.72
50.62
50.12
50.02
52.32
49.26
49.56
50.8
49.12
49.86
49.9
50.96
52.66
50.04
50.3
50.18
52.14
49.38
51.4
52.26
49.72
51.74
50.62
50.88
50.7
49.32
50.42
49.8
51
50.28
50.06
51.88
49.94
50.44
50.42
51.02
50.54
50.04
51.62
49.72
49.32
52.96
51.34
50.48
50.18
49.44
50.36
51.12
50.26
50.44
50.6
51.4
50.4
50.76
49.9
51.12
50.3
51.8
51.26
51.46
50.08
50.9
50.56
50.48
51.06
48.64
50.96
51.18
50.26
50.3
51.66
51.44
51.06
49.54
50.28
50.56
50.34
50.74
50.72
50.2
50.34
51.36
50.16
50.14
49.66
51.6
50.16
51.64
49.82
50.66
50.14
50.78
51.34
50.96
48.74
50.76
50.7
50.32
50.46
50.28
50.08
50.56
49.66
49.68
51.46
49.78
50.82
51.04
51.34
49
51.28
49.82
49.98
50.86
51.56
50.48
50.1
50.72
51.62
51.4
51.18
49.22
49.82
51.24
49.54
50.3
51.78
49.72
50.16
52.04
51.18
49.86
51.44
49.96
50.94
50.02
50.62
51.16
50.5
51.62
50.88
51.12
51.22
51.58
50.7
51.14
50.72
49.46
51.3
51.3
50.98
49.74
50.34
50.18
50.46
49.92
51.62
50.92
51.98
51.84
51.96
50.2
50.5
49.84
49.62
51.12
51.24
50.92
50.7
51.48
50.7
49.6
51.08
49.48
50.32
50
50.04
50.5
49.92
51.46
50.84
50.5
50.76
49.58
50.9
48.92
50.9
50.06
50.54
50.6
50.72
50.46
50.98
50.8
51.6
50.64
50.26
50.86
51
49.7
50.06
50.02
49.86
51.22
50.94
50.72
49.2
50.38
50.9
50.3
52.26
50.2
51.74
50.98
50.8
51.6
52.18
50.66
51.08
49.9
50.72
50.62
50.82
50.88
50.66
50.4
50.94
50.56
50.3
50.7
52.2
49.94
49.86
51.48
50.2
51.06
49.78
48.8
50.46
52.1
50.78
49.92
50.62
51.42
50.8
51.6
52.2
50.16
49.56
49.24
50.54
50.2
49.6
51.3
49.78
52.54
50.36
49.64
50.56
50.92
50.56
50.38
50.78
50.4
50.88
51.3
51.08
49.1
50.16
51
51.46
49.9
52.18
49.48
50.82
50.16
49.54
50
50.8
51
48.36
52.66
50.6
50.98
50.86
49.06
51.88
50.34
50.68
51.42
52.36
51.54
51.66
49.84
50.52
50.48
50.44
51.44
50.54
51.38
49.82
50.62
51.32
51.64
52.44
50.34
50.28
48.88
50.2
50.54
50.34
51.24
52.18
50.92
50.84
50.84
49.6
51.04
51.36
51.28
50.5
50.52
52.58
49.64
50.06
50.66
50.3
51.26
51.54
52.26
52.5
51.08
50.28
50.68
48.78
51
49.04
50.62
51.72
50.7
50.16
50.78
50.36
51.42
49.24
51.34
50.58
51.52
52.12
50.74
51.82
50.96
50.16
51.16
51.06
51.56
50.34
52.14
51.08
51.68
50.14
50.96
51.14
49.02
50.38
49.92
51.6
50.44
50.44
50.88
50.7
50.16
51.32
51
51.04
50.72
50.46
50.48
50.06
49.72
49.2
48.66
51.02
50.42
50.86
50.34
52
50.2
52.56
51.2
51.76
50.16
49.86
51.96
50.72
49.6
50.6
49.94
51.6
51.52
51.62
50.64
49.78
49.66
50.08
50.74
49.96
51.46
49.96
50.56
50.16
50.34
51.72
49.64
52.28
50.6
51.22
51.86
52.24
50.1
49.44
51.04
50.2
50.96
49.68
51.18
50.92
50.98
50.14
50.48
49.98
51.88
51.96
50.8
50.44
50.26
52.32
50.9
50.78
49.44
51
49.86
51.16
51.14
50.32
51.08
50.28
50.12
49.44
52.16
48.84
50.32
51.02
50.7
51.62
51.32
50.52
52.22
51.06
51
50.94
50.24
50.72
52.14
50.84
50.62
50.78
49.48
49.72
49.84
50.46
51.42
50.48
51.38
53.18
50.58
50.56
51.06
50.74
51.34
50.7
51.46
49.66
50
51.68
49.62
51.88
49.9
50.02
50.8
50.72
49.92
50.44
50.74
51.94
50.96
50.94
50.56
50.94
50.48
49.68
51.18
52.4
51.1
49.9
50.5
50.98
51.08
50.54
50.76
49.58
50.4
50.7
49.68
51.54
52.04
50.42
50.74
51.58
50.28
52.62
49.58
49.82
51.44
50.04
49.9
50.5
49.4
49.26
51.4
51.6
51
50.38
50.52
51.26
50.72
48.96
51.06
50.52
52.16
50.14
49.52
50.72
50.96
50.82
51.74
51.34
50.78
49.08
50.78
51.86
49.8
50.8
52.4
50.38
51.7
50.98
52.2
49.82
50.42
50.78
51.88
51.16
51.36
50.16
50.92
51.28
50.74
49
50.54
50.8
50.08
50.82
50.36
50.34
50.12
51.78
50.26
50.3
50.76
51.04
49.72
51.22
50.52
48.98
50.74
52.36
50.12
50.96
49.48
51.68
49.86
50.42
50.84
49.66
50.42
49.86
50.68
50.86
52.24
49.78
49.42
51.3
50.26
50.76
50.54
51.32
50.38
49.56
50.32
51.6
50.32
51.02
50.4
50.16
50.82
50.64
50.16
50.86
50.46
50.08
49.6
50.54
49.96
51.24
50.36
51.6
50.28
49.46
50.94
50.46
51.58
50.7
50.5
50.12
50.74
48.72
50.38
49.92
50.1
50.08
50.14
50
50.4
51.12
50.12
51.52
50.64
50.92
50.76
51.04
51.16
51.28
51.38
51.6
50.86
51.38
50.76
49.74
51.6
50.06
49.62
50.34
50.02
50.4
50.78
50.76
49.86
50.8
52.36
49.16
50.56
50.76
51
50.76
50.28
52.9
49.28
50.38
51.64
50.44
51.16
51.02
50.74
51.42
50.24
50.4
49.72
51.18
50.68
50.76
50.74
50.4
51.56
50.2
49.36
51.9
50.82
50.6
50.52
50.92
51.58
49.6
51.76
50.48
50.86
51.3
51.34
51.44
50.76
50
51.88
50.26
51.68
49.68
49.8
51.28
49.1
51.42
50.66
52.7
51.14
51.5
52.22
50.04
50.46
50.3
51
50.4
51.02
51.44
50.46
50.82
50.84
50.66
51.48
50.04
49.94
50.26
49.42
51.4
50.38
52.34
52.04
49.58
49.66
48.94
50.02
50.04
50
51.28
50.74
51.44
50.2
51.5
49.7
47.38
50.2
49.4
50.28
50.02
50.26
50.54
50.12
51
51.14
51.76
50.8
50.76
52.52
49.6
51.18
50.44
50.58
51.46
50.2
50.7
51
51.68
49.86
51.34
51.44
50.64
50.24
51.38
49.44
50.6
51.24
51.14
50.88
51
51.36
50.02
50.48
51.1
49.58
49.8
50.06
51.18
51.38
50.82
50.34
50.66
51.22
51.2
50.56
51.66
49.64
49.88
49.74
50.86
50.9
49.96
50.38
51.24
50.56
51.54
51.26
49.82
50.2
51.04
51
51.42
51.26
51.56
51.28
50.48
51.1
49.92
51.28
50.74
50.68
50.02
52.24
49.74
51.66
51.7
50.32
50.76
51.08
51.2
50.4
51.7
50.9
50.62
51.34
50.2
51.12
48.64
49.7
51.24
51.04
50.58
48.74
50.76
50.36
51.42
51.42
51.1
50.36
51.24
50.2
50.62
51.08
50.02
51.66
50.46
51.14
50.18
51.14
50.84
51.08
50.92
50.36
50.64
50.62
51.32
49.44
50.38
49.84
49.06
49.5
49.68
50.98
51.56
50.38
50.4
50.4
50.12
50.18
50.88
50.76
50.54
50.6
51.28
50.64
51.12
50.34
50.02
50.22
51.3
51.04
50.58
52.1
52.4
50.82
49.88
51.32
50.54
49.32
51.86
50
50.84
48.82
50.68
51.42
50.08
50.8
51.4
51.02
51.9
50.26
51.46
51.6
50.7
51.78
49.62
51.9
50.28
50.24
50.58
51.4
51.28
51.02
51.1
50.68
49.46
50.3
52.28
52.06
50.34
51.04
49.7
51.02
50.36
50.28
50.92
51.4
50.12
49.92
49.74
51.18
51.58
52.04
50.86
50.18
50.44
50.8
49.56
50.8
51.52
49.56
49.76
50.56
48.68
50.94
50.18
50.66
49.84
50.5
49.78
51.82
51.86
49.64
52.38
50.98
50.08
51.08
52.02
50.66
50.44
50.42
49.08
51.06
50.52
51.58
50.18
50.08
51.82
49.22
51.88
51.9
51.22
50.5
50.66
50.1
49.92
51.92
50.52
50.1
49.54
51
51.38
51.32
50.4
50.64
51.04
50.52
50.92
51
51.5
50.34
51.2
50.18
51.36
51.92
50.86
51.28
50.98
50.94
50.12
51.68
50.04
50.76
51.3
50.86
51.24
50.4
49.86
51.32
49.8
49.46
49.32
50.16
50.72
50.4
51.34
49.96
51.18
49.92
50.82
50.5
49.96
51.9
51.58
50.74
50.22
50.92
50.94
51.68
50.04
50.02
50.66
50.36
50.46
49.98
49.58
49.24
51.54
51.68
50.72
51.26
50.1
50.3
51.74
50
50.98
52.62
49.4
51.02
50.58
50.5
51.74
50.9
50.54
51.08
51.56
52.1
50.4
49.3
49.84
51.34
51.4
51.16
49.98
49.7
49.98
50.32
50.92
50.82
51.34
51.26
51.16
50.8
49.7
49.96
51.4
50.32
50.62
51.26
50.6
51.04
49.96
50.4
50.3
50.86
50.72
51.1
50.2
51.7
51.1
51.12
51.94
51.12
51.2
50.94
50.72
51.44
50.76
50.44
50.8
53.12
50.18
51.3
50.58
49.22
51.08
51.02
50
50.3
50.68
51.48
51.2
50.56
50.02
51.14
52.08
50.44
50.8
51.34
50.66
48.86
51.98
49.56
49.42
50.72
50
51.38
50.26
51.7
50.86
51.76
50.76
49.98
50.52
49.12
50.24
50.72
51.3
50.9
50.06
49.92
51.34
50.96
51.46
50.84
50.02
50.58
51.26
50.7
50.62
50.82
50.4
50.08
49.64
49.88
51.12
51.76
50.06
51.26
51.96
50.1
51.08
50.58
50.06
50.74
50.36
50.02
50.8
50.48
52.02
50.66
51.64
51.1
51.18
50.6
50.42
49.16
50.34
50.42
51.54
50.78
51.8
50.5
50.9
50.02
51.52
50.4
50.98
50.86
50
49.74
50.3
51.78
51.24
50.8
50.32
49.98
48.24
51.34
48.76
51.92
51.44
50.42
50.96
50.72
50.38
49.58
50.6
50.26
49.92
49.32
49.42
50.86
50.62
50.4
50.98
50.28
51.14
50.68
50.96
50.24
50.54
50.06
51.6
50.98
51.88
50.38
50.88
49.76
49.8
50.84
51.02
51.88
49.82
50.64
50.1
47.88
51.66
51.18
51.26
50.18
51.34
50.32
50.64
49.98
50.96
50.04
49.72
50.8
50.78
51.8
51.16
50.3
49.26
51.52
51.04
51.98
51.2
50.76
50.54
51.26
49.52
50.44
51
51.98
52.38
50.68
51.28
51.48
51.92
52.06
52.26
51.46
51.26
50.64
51.08
50.54
51.56
50.88
51.48
50.56
49.98
50.84
50.2
50.94
51.56
50.36
50.3
50.8
50.78
49.62
50.64
50.02
50.1
50.64
50.54
51.32
50.8
51.98
50.8
51.12
50.86
49.74
50.92
51.28
51
50.64
51.26
50.6
49.96
50.62
50.6
51.92
50.22
51.7
49.04
51.38
50.3
50.56
50.36
51.28
50.94
52.46
51.2
50.32
50.28
50.94
49.88
50.64
49.48
51.18
51.18
51.48
48.62
52.12
50.7
50.1
51.64
51.64
49.56
51.7
50.06
50.58
50.06
50.58
49.92
52.02
49.18
50.38
50.66
51.68
51.1
51.9
49.84
51.12
50.56
52.2
49.94
50.08
50.8
49.86
51.8
51.04
52.1
51.36
51.78
50.58
50.74
52.6
50.4
50.08
52.28
50.92
50.96
50.42
50.62
49.68
50.04
50.22
50.06
51.42
50.64
50.36
50.82
50.64
50.94
50.06
51.18
50.44
51.02
51.48
50.66
50.12
50.2
50.04
50.52
50.54
50.12
50.54
51.06
51.2
51.66
51.9
51.24
50.34
51.06
50.96
51.46
50.8
50.58
51.08
49.84
50.88
50.92
50.4
50.1
51.48
50.94
50.42
50.52
50.72
50.02
50.56
51.78
50.42
50.56
49.98
50.26
50.9
50.76
51.64
50.9
51.02
50.9
50.26
49.6
50.34
51.12
48.26
50.34
50.32
50.36
51.1
50.28
49.84
50.54
50.26
50.1
50.66
50.98
48.62
51.68
49.78
51.44
50.8
48.98
51.76
50.14
49.82
49.5
51.34
52.16
51.28
50.74
49.98
50.5
50.52
51.12
49.98
51.28
49.84
49.72
52.04
50.16
50.54
51.74
51.22
51.16
50.78
51.78
49.42
50.52
50.4
50.26
50.88
50.98
50.4
50.34
49.84
50.64
49.7
49.7
50.92
50
49.02
51.18
50.24
50.62
51.46
51
50.76
50.6
50.76
50.26
49.86
50.72
50.54
51.26
50.26
50.86
50.74
51.96
50.48
51
50.78
50.26
51.5
51.52
50.86
49.5
51.6
51.26
50.74
51.22
50.24
50.6
49.66
51.34
50.66
49.78
50.96
50.46
50.58
49.62
50.9
51.48
50
50.34
51.52
51.08
52.08
49.52
50.54
49.78
51.1
51.6
50.7
50.1
50.34
50.8
49.92
49.56
50.12
49.82
50.84
50.86
50.82
49.64
51.4
51.04
49.78
50.72
51.26
50.84
51.4
51.96
50.34
50.6
51.38
50.44
52.12
51.24
50.2
50.74
49.76
51.36
50.82
50.3
48.88
49.8
50.9
51.44
51.32
50.32
49.56
51.36
50.92
49.42
50.24
51.22
51.9
49.72
50.2
50.46
49.68
49.66
50.26
49.64
51.82
49.82
51.7
50.12
51.96
49.78
49.36
50.68
49.66
50.26
49.8
50.92
50.22
50.84
51.72
50.58
49.62
49.1
49.82
49.92
50.02
50.94
50.76
50.1
50.38
51.26
50.68
50.36
51.14
50.12
51.58
50.76
51.14
51.26
49.94
50.94
50.8
51.08
51.72
51.8
51.7
48.56
50.42
50.2
50.98
50.76
51.74
50.28
49.76
50.72
50.92
50.52
51.62
51.26
51.72
50.86
51.9
51.46
49.42
51.24
49.6
50.22
50.04
50.66
49.82
51.16
50.88
49.78
50.64
51.4
51.04
50.96
51.22
50.68
50.68
51.2
50.56
50.88
51.32
51.12
52
50.34
51.94
50.06
51
50.58
50.42
52.52
50.46
50.36
50.52
51.04
49.8
49.82
50.4
49.32
51.62
51.84
50.6
51.22
50.08
51.56
51.76
51.32
50.62
51.56
50.64
50.6
49.66
51.56
50.22
50.78
51.04
51.38
51.58
51.54
51.42
49.28
49.94
49.5
50.94
49.9
49.68
52
51.24
52.02
51.96
49.94
51.04
51.56
49.38
50.84
50.04
50.76
51.4
49.64
49.44
51.86
50.94
50.64
50.36
49.98
52
51.12
49.66
51.18
51.14
51.94
53
51.22
49.76
50.44
50.86
51.14
50.32
51.28
50.82
51.88
50
51.18
51.06
50.48
50.58
50.86
49.5
51.2
50.08
50.5
52.88
51.62
50.72
51.96
50.16
50.22
50.04
49.6
51.48
49.88
50.06
50.44
51.22
49.26
51.42
50.4
49.92
50.82
51.46
51.74
50
51.7
50.02
50.1
50.72
52.32
50.22
51.46
52.92
50.9
51.8
50.5
50.2
50.46
51.1
50.18
50.22
50.56
51.58
51.44
51.28
50.74
50.82
50.82
50.68
50.76
50.46
50.7
50.3
50.7
50.16
49.9
49.84
50.62
50.46
50.8
49.62
49.46
51.92
50.3
52.34
49.66
49.68
51.42
50.14
50.22
50.04
49.96
51.76
50.22
50.76
50.44
48.54
50.72
50.94
51.96
50.76
50.56
49.88
49.86
52.42
50.32
50.32
51.1
51.06
50.68
50
51.04
52.4
50.42
51.08
51.66
50.34
51.14
51.8
51.96
49.9
51.2
50.3
50.38
50.86
50.82
50.68
52
50
50
51.56
50.68
51.5
49.92
52.16
49.44
50.26
51.2
50.76
50.84
50.88
51.74
49.92
53.26
50.7
51.58
50.82
49.68
49.64
50.8
49.92
51.44
49.44
49.9
50.36
50.96
51.16
51.24
49.24
49.78
52
50.6
49.54
50.02
51.5
51.62
51.24
49.74
50.94
51.36
53.16
50.76
51.56
50.76
50.02
50.78
49.94
50.08
51.44
51.24
51.38
50.04
50.02
50.66
49.9
50.52
50.54
50.62
51
51.42
51.42
51.38
50.36
50.7
51.18
51.3
50.06
50.06
49.9
51.84
50.94
49.44
50.46
50.6
50.64
50.14
51.54
50.5
49.12
50.1
51.48
50.9
49.64
49.52
49.46
50.84
51.34
50.94
50.62
50.44
50.84
50.3
49.84
52.02
51.46
49
51.78
48.52
51.08
50.12
50.32
50.42
50.34
51.48
50.18
49.58
50.18
50.3
49.84
49.88
51.42
50.42
49.94
52.54
51.44
49.24
51.42
50.4
49.1
49.7
50.46
50.14
51.94
51.54
50.22
50.52
50.54
50.96
50.48
51.32
51
51.7
49.84
49.84
50.04
51.24
51.14
50.3
51.4
50.6
50.64
50.04
51.94
51.12
51.16
51.4
50.62
51.4
50.52
51.2
50.2
51.46
50.64
50.2
50.42
51.56
50.54
50.8
51.08
50.74
49.48
51.36
51.34
51.52
50.5
50.64
50.92
51.36
50.26
49.7
50.3
49.82
50.34
51.52
52.04
52.6
50.74
51.54
50.04
50.84
51.7
51.18
50.36
50.48
49.9
51.2
50.72
50.22
51.12
51.16
50.7
50.84
49.32
51.12
51.72
51.84
51.06
50.7
50.98
51.52
51.5
51
51.08
50.34
50.94
50.8
51.62
50.16
49.8
49.46
50.4
49.96
52.4
50.14
50.78
50.32
50.28
51.34
51.32
51.06
49.64
49.8
50.86
50.18
50.88
50.3
51.48
50.5
50.84
50.6
49.46
49.8
50.54
49.74
50.74
50.8
51.06
50.66
50.64
50.64
50.66
49.28
50.74
48.9
49.82
50.22
49.46
50.8
49.82
50.8
49.58
51.36
49.88
50.46
51.04
51.06
50.88
49.8
50.7
50.24
51.2
49.58
51.08
50.72
52.08
51.02
51.26
50.52
50.88
50.1
51.6
51.12
50.18
49.54
50.18
50.04
50.62
50.82
51.62
49.8
50.86
50.76
50.74
52.04
51.34
52.04
50.36
50.54
50.44
50.08
49.64
51.68
51.58
49.22
50.3
50.22
49.8
50.38
50.92
49.78
51.44
51.4
50.48
51.94
50.58
51.44
52.04
51.24
50.18
49.72
50.42
51.32
49.3
50.44
50.14
51.16
50.38
51.18
49.52
50.76
50.64
51.28
51.38
49.98
49.96
49.84
49.82
50.98
49.88
50.42
51.34
51.48
50.48
50.34
50.6
52
51.24
50.34
51.68
51.92
50.12
51.1
49.98
51.6
52.1
50.94
50.82
50.28
50.66
50.7
51.32
51.52
51.12
51.38
51.48
49.88
50.18
50.7
51.36
51.04
50.52
49.92
50.66
50.78
49.64
49.48
50.86
50.08
49.94
51.88
49.48
50.46
50.56
50.94
50.64
49.98
49.14
49.86
51.1
50.08
51.4
50.68
49.78
50.98
50.36
51.24
52.24
50.9
50.78
51.58
50.56
50.38
52.1
49.54
51.22
49.68
51.28
49.72
49.78
51.56
50.52
51.42
51.46
49.66
52.12
49.3
49.6
51.08
49.86
50.96
50.48
50.88
49.98
52.82
50.68
50.34
52.24
50.88
50.92
51.36
51.5
51.14
51
50.66
50.1
50.18
50.54
51.12
49.22
50.28
51.2
51.06
50.92
50.32
50.4
49.9
50.74
49.36
49.66
50.94
50.68
51.24
51.54
51.62
50.44
51.88
51.2
49.92
51.66
50.5
51.28
50.76
50.8
49.82
50.6
50.6
49.96
50.02
50.94
49.62
49.56
48.94
50.52
50.42
50.08
50.56
50.14
50.78
50.74
49.9
51.88
49.96
50.58
51.2
50.78
49.84
51.68
50.02
51.62
50.86
51.52
50.4
50.5
49.7
51.22
50.36
48.82
50.36
51.6
50.94
50.18
49.74
51.32
51.26
52.24
52.54
50.54
51.88
50.58
50.86
49.02
50.96
52.6
52
51.48
51.64
52.28
50.36
50.54
49.58
49.9
50.52
50.96
50.64
51.2
50.72
49.56
49.74
50.54
50.8
50.98
49.6
50.98
52.82
52.92
51.54
50.08
50.86
50
50.42
50.94
50.4
51.92
50.92
50.5
51.06
52.14
51.02
49.82
50.92
50.94
50.46
51.32
50.52
51.36
52.16
49.88
51.36
51
49.88
50.7
50.8
51.26
49.4
51.32
50.26
50.2
50.42
50.02
50.44
49.98
50.84
52.52
50.98
50.62
50.56
50.88
51.88
51.4
49.94
50.4
51.46
50.62
50.78
49.64
50.3
51.46
50.4
51.9
50.7
50.74
49.78
50.18
51.46
50.94
50.16
50.96
50.4
51.3
51
50.5
51.7
50.84
50.46
50.4
51.16
50.92
48.78
50.22
50.4
50.34
50.92
50.18
51.24
50.78
50.88
51.12
50.8
48.8
50.24
50.14
50.52
50.52
49.28
49.96
51.48
51.86
50.5
49.78
49.64
51.34
50.54
51.24
50.92
49.76
50.88
49.84
51.58
50.92
50.48
49.84
50.16
50.54
49.92
51.02
51.04
50.4
52
50.64
51.46
49.46
51.12
51.5
50.38
50.58
51.16
49.56
51.82
51.6
50.64
51.16
51.58
50.5
49.62
51.06
49.98
50.72
51.88
50.04
49.64
51.04
50.6
49.66
50.1
51.1
50.42
49.6
51.72
51.18
50.44
49.98
50.42
51.24
49.98
51.76
51.86
51.16
50.14
50.44
49.94
49.22
51.7
51.16
52.04
50.76
49.62
49.76
49.94
50.64
50.06
50.88
50.74
51.54
51.1
51
50.38
50.36
50.02
50.04
49.68
51.1
50.76
50.82
51.42
51.42
50.74
50.16
50.6
49.82
51.2
50.18
51.46
51.24
50.68
50.74
51.22
51.32
50.74
50.9
49.46
49.76
51.36
49.78
50.9
50.62
50.68
50.48
50.94
50.64
50.06
50.52
51.58
49.42
49.72
50.92
51.74
50.32
50.92
52.04
50.78
51.96
50.92
50.46
50.7
51.06
50.2
50.58
51.3
50
50.18
50.56
50.58
49.92
50.08
51.16
49.06
50.94
50.08
50.02
49.32
50.52
49.4
51.34
50.6
52.14
50.98
50.72
51.02
50.26
50.88
50.5
50.62
50.3
50.4
50.74
50.44
49.9
50.8
51.48
51.62
51.12
51.1
50.22
51.26
49.32
50.56
50.38
50.68
51.62
50.8
50.26
52.36
49.68
51.38
51.06
49.64
51.36
51.02
50.48
50.92
50.94
52.6
50.72
51.12
51.44
51.78
50.08
51.62
50.94
49.88
49.02
49.46
50.62
51.26
51.24
49.7
50.36
50.92
50.94
49.82
51.84
49.54
50.2
51.24
50.26
50.2
51.2
51.78
49.36
49.12
50.96
50.64
50.1
51.52
49.8
50.8
51.14
49.12
51.14
51.24
50.78
50.12
50.4
52.8
50.82
50.8
50.24
51.04
51.04
51.26
51.54
52.18
50.94
50.94
50.46
51.88
51.46
50.5
50.2
51.92
49.22
51.42
52.24
50.2
51.84
50
50.5
50.88
51.86
48.94
52.02
50.38
50.32
50.4
51.44
50.32
50.46
50.4
50.04
50.64
51.32
50.34
51.42
51.22
50.8
50.86
49.32
51.12
49.1
51.8
49.74
49.74
50.5
51.06
50.54
48.8
51.64
52.22
51.98
50.52
51.22
50.64
49.68
51.14
50.58
51.9
49.96
50.4
48.88
50.86
50.82
51.46
51.44
51.16
50.26
49.3
51.32
50.22
49.96
50.52
51.2
49.92
49.86
51.1
51.22
51.02
50.38
51.44
50.18
50.42
50.06
50.88
51.32
52.18
50.16
51.02
49.04
51.02
51
50.06
51.7
51.4
50.42
51.66
51.28
51.32
48.96
51.6
50.82
52.22
50.48
50.74
51.1
50.32
50.92
50.96
50.42
50.92
50.42
51.1
48.34
50.52
50.78
51.32
50.64
49.62
50.08
50.88
50.44
50
48.76
51.22
50.62
49.72
51.82
50.6
50.54
50.72
52.04
51.08
50.48
51.2
51.16
51.64
50.88
50.86
52.22
51.04
49.62
50.46
51.2
49.52
49.58
49.92
49.86
50.42
50.84
49.92
51.7
51.22
50.68
49.86
50.62
50.66
49.58
51.06
49.7
49.58
50.58
52.24
51.4
51.38
50.98
51
51.32
51.16
50.22
50.5
51.02
51.5
51.3
49.62
51.72
50.94
50.36
51.94
51.48
50.48
51.16
51.36
49.44
50.06
50.36
50.38
50.72
51.4
50.34
50.3
51.16
49.98
51.72
51.08
51.18
51.6
50.66
50.52
49.86
52.34
50.04
50.74
51.2
50.78
51.2
51.86
51.6
50.44
50.76
51.66
50.54
50.56
51.18
50.92
50.26
51.32
49.54
50.8
50.96
51.18
51.14
50.72
51
51.44
50.5
51.86
50.96
50.2
51.98
52.18
52.68
50.6
50.98
50.46
50.46
51.44
51
49.78
49.56
50.2
51.72
50.34
51.48
50.56
50.82
51.48
52.1
49.48
51.58
51.48
50.18
51.78
49.76
51.66
50.92
51.1
51.56
50.02
49.96
50.34
50.44
51.04
52.22
50.84
51.1
50.3
51.2
50.46
48.16
51.6
51.26
49.66
50.54
51.3
49.66
51.76
49.28
51.46
51.5
50.74
51.36
51.3
51.36
51.5
49.8
51.6
50.32
50.56
51.16
50.44
51.62
50.06
51.46
51.38
49.78
51.12
52.14
51.64
51.48
49.98
50.38
50.74
50
49.6
50.16
50.68
50.42
50.58
50.42
51.56
50.4
51.2
50.78
50.56
50.56
50.7
49.7
49.08
50.66
50.18
49.98
51.08
51.34
51.58
50.48
50.34
50.34
50.62
50.1
50.68
50.1
51.02
50.92
50.92
50.18
51.04
51.46
51.22
50.2
50.92
49.6
51.02
52.1
50.1
51.78
50.44
51.6
49.64
50.9
50.76
50.68
49.98
50.74
49.26
51.38
50.14
51
50.02
50.8
51.06
50.7
50.82
50.44
51.4
50.66
50.02
50.68
50.92
49.38
52.3
50.32
50.42
50.82
51.08
51.76
50.56
50.9
51.8
51.24
52.34
52.36
50.16
51.18
49.6
50.78
50.58
50.26
51.78
49.24
50.04
50.74
51.62
50.94
50.28
52.24
51.2
50.98
50.6
51
49.82
49.38
50.94
50.24
51.68
50.62
50.28
51
50.3
49.74
50.98
50.94
50.48
50.62
50.8
49.72
49.5
50.46
50.04
50.28
51.44
49.48
50.84
51.3
51.74
49.76
51.6
49.06
51.42
50.94
50.96
49.98
51.4
51.34
49.8
50.42
49.46
50.24
50.12
50.78
50.64
50.18
48.46
49.9
51.12
51.96
50.62
50.66
51.16
51.96
50.26
50.76
51.52
49.72
49.72
50.62
49.78
51.2
51.14
49.4
51.1
50.94
49.24
50.4
50.84
51.1
51.02
51.58
52.34
50.16
51.48
51.78
49.26
50.94
49.6
50.72
51.58
50.94
49.92
50.38
50.42
51.24
50.68
50.84
51.72
50.56
49.8
50.52
51.04
49.84
50.88
50.44
50.04
50.72
50.92
50.96
49.78
50.08
51.48
50.96
51.18
51.1
51.46
51.68
52.54
50.86
50.5
51.52
50.44
51.22
50.58
50.66
49.38
50.66
52.54
50.62
51.14
50.46
51.52
49.58
51.36
50.96
50.64
51
50.42
50.24
50.3
51.2
51.72
50.2
51.08
51.52
50.76
50.76
50.62
51.08
51
49.38
51.44
50.48
50.48
51.04
50.42
50
49.78
50.32
49.26
50.26
51.04
50.48
51.1
50.08
51.14
51.08
52.06
51.3
50.82
50.18
50.64
49.48
50.26
52.18
50.44
51.12
50.32
50.42
49.2
51.64
49.42
50.58
50.08
51.26
50.62
51.28
50.34
52.04
50.46
50.84
51.62
50.5
50.94
50.1
52.44
51.84
50.46
50.02
50.12
49.6
50.44
50.14
50.26
50.7
49.7
50.8
51.56
50.4
51.62
49.18
50.9
49.74
50.26
50.94
51.34
50.42
50.18
49.96
49.22
49.82
50.6
48.9
50.38
51.14
51.8
51.66
51.12
50.02
51.14
50.7
49.48
51.42
50.52
49.86
50.62
51.76
51.16
49.52
51
50.36
50.52
49.74
51
51.96
51.72
50.14
51.14
49.76
49.78
51.16
51.28
51.22
49.26
51.28
50.74
50.72
49.6
50.2
50.84
51.04
51.6
51.9
50.26
51.18
51.32
51.72
51.32
51.46
50.08
49.76
51.18
52.2
50.52
50.72
50.8
52.56
50.54
50.34
51.04
51.58
50.18
50.62
50.18
49.5
50.52
51.18
50.34
51.14
49.88
51.48
51.22
49.78
50.74
50.5
51.42
51.12
50.6
50.56
50.76
50.44
50.12
50.76
51.48
52.44
51.7
50.9
50.86
49.44
49.9
51.64
50.96
50.52
51.28
50.02
50.96
51.32
51.18
50.52
50.66
51.1
50.6
50.54
50.76
50.82
49.54
49.64
51
51.08
50.84
50.64
51.94
51.44
49.18
50.9
49.28
51.36
49.88
50.68
51.34
51.42
52.18
52.52
50.84
50.96
50.22
50.7
50
50.6
51.92
49.98
51.14
51.04
50.64
51.32
51.06
50.92
51.5
51.6
49.98
51.1
51.48
50.44
49.96
50.16
50.78
51.46
51.6
50.22
51.44
52
51.82
51.58
50.6
50.1
50.72
51.38
51.18
51
49.98
49.92
50.9
49.2
50.74
50.98
50.68
50.38
50.74
51.2
49.8
50.78
51.1
51.22
50.54
50.32
51.82
50.76
51.08
50.3
51.48
51.52
51.26
50.12
50.88
49.9
50.8
50.9
51.68
49.34
50.88
48.9
50.36
50.82
49.48
50.98
48.94
50.58
49.62
50.58
49.46
50.96
50.16
49.46
49.56
50.3
50.78
49.88
49.62
51.36
50.26
50.9
50.7
51.32
50.78
49.32
51.5
51.4
50.86
50.5
49.68
52.66
52.06
50.46
49.8
51.24
51.24
51.08
51.3
50.14
51.64
49.38
50.26
51.06
50.12
51.02
52.6
50.1
50.86
52.1
50.28
50.7
51.12
51.24
50.74
50.22
51.36
51.08
50.9
50
51.08
48.7
50.96
49.72
50.68
52
50.34
51.58
50.88
50.64
50.6
51.78
49.3
50.3
51.52
51.1
50.94
50.72
51.4
50.92
50.36
51
50.32
51.24
49.76
50.1
49.74
50.88
50.56
51.28
49.32
49.96
50.86
51.26
50.02
50.7
50.72
50.3
50.6
51.54
49.56
51.78
51.16
50.42
50.96
50.18
50.42
50.18
51.3
52.14
51.96
50.14
51.16
50.7
49.44
51.12
49.92
51.5
48.98
49.76
51.4
51.64
52
51.42
50.86
50.66
51.12
49.92
49.88
50.58
50.42
50.28
52.28
51.12
49.98
50.72
52.24
49.54
48.9
51.1
49.78
50.5
50.2
51.4
50.48
51.82
50.42
51.08
50.92
50.76
49.78
50.6
50.8
50.44
50.52
51.72
49.82
50.26
51.08
51.04
50.1
50.14
51.88
51.92
50.86
51.38
49.8
50.52
50.24
51.44
50.82
50.44
49.8
50.32
50.22
50.84
50.06
51.88
49.62
49.84
49.6
49.94
51.12
52.3
50.24
50.18
49.64
51.34
49.96
51.34
51.02
50.04
50.58
52.04
52.04
50.54
50.48
50.46
50.38
51.26
50
50.22
50.78
51.78
50.92
50.86
50.06
51.26
49.86
49.86
50.86
50.04
50.3
49.9
50.98
50.8
49.94
49.4
51.62
50.94
49.12
51.16
50.4
50.44
51.18
50.72
49.96
50.16
50.96
51.16
51.18
50.48
51.98
50.28
49.82
50.54
51.04
51.66
51.26
50.14
51.46
50.02
50.2
49.92
50.02
50.68
52.48
49.82
51.4
50.92
50.68
49.68
50.62
50.28
50.92
51.24
50.84
50.12
52.2
50.08
50.62
50.68
50.58
50.16
51.02
50.82
50.98
52.5
51.76
50.6
49.82
50.36
50.2
50.12
50.54
50.26
50.24
51.04
51.4
51.72
49.7
49.92
50.92
50.24
50.58
50
50.94
50.72
48.96
50.88
50.8
50.24
49.5
51.36
49.2
50.54
49.54
50.66
50.44
49.94
50.54
51.38
49.72
50.24
51.7
51.2
49.6
50.9
50.06
51.2
51.64
50.66
50.52
51.9
51.7
50.68
49.88
49.26
50.5
50.32
51.18
52.38
51.44
50.82
50.84
52.26
50.28
50.46
49.98
50.24
50.14
51.82
50.44
50.4
51.32
52.18
51.24
49.8
50.76
51.32
50.96
51.08
50.36
50.6
50
49.4
51.48
51.7
50.9
50.22
51.6
51.78
50.82
50.16
50.26
50.88
50.36
51.62
49.84
50.84
49.84
51.9
49.52
51.68
51.12
49.22
50.6
50.92
50.08
50.44
49.96
49.96
50.26
51.38
50.58
50.88
50.5
51.24
50.58
50.88
51.72
49.76
51.78
49.9
49.26
51.68
49.72
50.9
50.8
50.84
49.22
49.82
50.54
51.2
49.94
51.1
49.96
49.96
49.9
51.96
51.08
50.88
51.4
50.7
51.26
50.1
50.84
51.76
51.38
51.14
51.38
50.58
52.52
51.24
50.8
51.26
50.92
50.26
50.22
51.06
51.46
50.68
51.56
51.06
49.92
50.28
50.72
51.34
51.38
50.12
50.66
50.62
50.5
50.86
50.04
51.62
49.88
50.68
51.48
50.32
51.32
50.08
52.06
50.62
49.8
50.44
50.6
49.46
50
49.84
49.42
51.94
51.06
50.78
50.76
51.18
52.62
50.34
50.24
51.66
51.1
50.7
50.2
51.1
51.14
51.86
51.44
50.72
48.88
50.66
52.26
51.18
50.14
50.34
50.16
50.62
49.54
49.66
50.7
49.86
50.48
51.48
50.18
51.42
50.76
51.22
51.06
51.48
48.9
50.82
51.4
50.66
51.54
50.76
51
51.78
50.26
50.52
51.98
49.44
51.96
50.84
51.62
49.94
52.52
50.18
49.96
50.64
51.52
50.02
50.9
50.46
49.64
50.48
50.42
50.38
51.22
50.46
50.84
50.16
50.96
51.52
50.48
50.8
51.42
52.54
50.86
50.6
50.86
51.66
49.98
50.1
50.66
50.48
51
50.78
50.4
49.98
51.36
50.8
50.34
51.62
51.8
50.6
51.68
51.22
51.08
50.7
50.84
49.98
50.8
50.3
50.74
50.68
49.8
51.24
50.8
51.02
51.54
50.96
50.58
50.36
51.44
50.46
51
50.86
50.64
50.78
49.42
50.12
52.18
49.86
50.08
51.02
49.12
50.08
50.94
51.14
50.9
51.74
50.46
50.78
50.94
51.48
51.04
50.52
50.74
51
49.88
51.14
50.2
51.24
51.44
51.32
50.26
50.24
52.12
50.18
50.56
49.8
51.68
52.22
51.58
49.38
50.34
50.16
50.66
49.84
50.52
51.02
49.08
50.4
50.86
49
49.64
49.64
51.46
51.5
49.56
49.96
50.34
50.84
51.2
50.2
50.88
51.56
49.06
51.74
50.36
50.84
51.32
50.72
50.58
50.52
51.16
50.46
49.58
50.46
51.38
49.78
49.34
51.56
50.6
51.84
49.5
51.02
49.82
51.42
50.28
50.38
49.62
51.42
51.72
51.28
50.64
50.3
51.1
50.04
49.74
51.02
49.76
50.56
50.86
49.86
50.58
49.64
51.88
50.9
50.44
50.36
49.86
50.92
51.22
49.92
51.48
51.42
51.58
51.84
49.86
51.22
50.52
51.2
50.84
49.8
50.88
51.38
51.1
51.28
50.24
50.86
50.9
51.08
49.98
50.2
50.14
49.2
51.44
51.18
50.22
49.28
50.72
50.06
50.98
52
50.5
50.54
50.8
50.9
51.34
50.48
52.28
50.26
51.22
50.92
51.14
50.5
50.68
50.66
51.2
49.78
52.46
49.08
51.62
50.18
51.64
51.04
50.28
51.52
52.04
49.84
50.4
52.14
50.08
52.12
51.3
50.46
50.8
51.42
49.8
50.64
50.14
51.04
50.16
50.54
50.52
50.72
49.74
50.82
49.9
50.76
50.24
50.32
50.64
50.62
49.76
49.16
52.16
50.08
49.34
51.48
50.98
50.96
51
51.12
50.82
50.74
50.4
50.82
51.46
50.1
49.88
50.76
50.3
51.04
51.18
51.74
51.06
49.7
51.08
49.54
50.88
49.02
50.72
50.66
51.88
50.36
50.34
50.98
51.7
51.56
51.06
51.2
49.4
51.08
50.46
51.8
50.18
51.14
51.28
51.32
50.64
50.24
49.78
49.5
50.3
48.88
50.06
51.46
49.76
50.76
51.2
50.08
52.24
50.2
50.82
51.3
49.46
49.94
51.52
50.9
50.84
50.42
50.44
51.08
51.02
52.16
50
51.2
51.1
50.62
50.14
50.74
49.96
50.32
50.78
51.06
50.46
50.62
50.96
50.8
51.48
51.36
50.92
49.88
51.1
51.24
48.78
50.08
50.26
50.26
51.14
47.94
50.48
50.58
50.56
50.34
50.94
51.06
50.48
49.82
51.66
49.58
50.48
50.34
50.42
49.26
50.84
50.16
49.88
51.24
50.12
50.14
50.78
51.46
50.38
50.86
48.86
51.9
51.86
51.48
49.06
52.02
51.28
49.32
51.06
50.08
50.5
49.44
50.56
50.18
51.08
50.08
49.62
50.36
50.78
50.74
50.98
50.94
51.08
50.6
50.78
51.06
51.32
50.14
50.62
49.4
50.78
51.46
50.74
50.34
51.04
49.98
51.26
51.18
50.64
50.04
52.3
51.76
50.1
50.78
51.52
51.96
52.2
51.52
49.7
51.24
50.84
49.42
50.78
50.8
51.62
51.74
49.9
51.88
50.68
50.78
50.58
51.7
49.66
51.68
51.4
50.08
50.5
50.48
50.5
50.38
51.12
51
50.08
50.74
51.32
50.16
49.9
50.66
50.84
50.46
50.98
52.26
50.1
50.48
49.42
52.44
50.58
51.8
50.36
50.02
50.92
51.38
50.76
49.62
50.54
51.14
49.5
50.14
52.1
51.14
50.66
50.16
50.76
50.74
50.84
51.28
50.52
50.48
50.4
49.7
51.64
50.48
51.76
51.28
51.62
51.12
51.8
48.98
50.98
49.58
50.44
50.02
51.1
51.14
50.1
50.06
48.96
52.12
50.2
51.74
50.12
51
50.46
50.36
51.32
50.28
51.54
51.04
52.04
52.54
51.92
50.22
50.6
51.74
51.56
48.78
51.76
49.76
49.16
51.5
51.36
51.18
51.62
50.44
50.38
50.26
51.72
49.9
51.2
51.1
50.72
51.02
49.98
51.3
51.56
50.4
50.24
49.94
51.12
51.36
50.02
51.04
50.48
50.62
50.26
50.12
50.5
51.32
51.4
48.58
50.34
49.08
49.64
49.56
49.6
51.16
51.22
51.64
49.12
49.62
50.74
50.48
50.38
48.7
51.7
50.8
50.58
50.88
49.9
51.86
52.1
50.44
50.78
50.48
50.14
51.5
50.48
50.54
49.18
49.76
49.76
51.24
51.1
50.82
51.38
50.72
51.74
51.32
48.62
51.74
49.64
49.56
50.24
50.62
50.36
49.92
50.94
50.44
50.46
50.6
50.24
49.92
52.38
50.66
49.84
49.92
51.52
50.94
50.78
50.3
50.08
49.94
51.94
50.3
51
49.2
51.74
50.94
52.54
50.28
51.56
51.14
48.8
51.84
50.6
51.2
50.8
50
50.92
51.06
50.56
48.8
50.86
50.38
51.18
51.04
51.34
50.68
49.04
50.92
49.6
50.3
51.52
51.1
50.46
50.12
48.9
49.76
51.76
50.76
51.22
50.2
50.36
50.9
51.1
50.1
51.04
50.24
50.34
51.08
50.62
49.16
50.52
50.24
48.88
50.26
48.46
49.9
51.34
49.58
49.82
49.64
50.22
50.14
50.26
50.44
51.04
51.44
50.64
51.42
49.08
50.8
50.54
48.86
50.44
49.14
50.88
51.18
50.88
51.1
51.22
51.06
49.94
50.16
51.2
49.32
51.58
49.82
49.64
51.7
51.36
51.68
50.88
50.22
50.7
50.94
49.94
51.36
51.02
51.08
50.52
49.64
51.3
51.38
51.3
50.72
51.64
50.94
51.04
51.78
50.74
50.7
49.6
51.1
51.1
50.66
50.2
50.62
51.26
51.5
50.4
51.08
50.96
49.38
51.04
49.76
50.56
51.3
51
50.64
50.86
51.36
50.86
50.32
51.04
50.88
51.36
50.74
50.68
51.7
49.94
50.6
51.98
50
50.22
51.46
49.82
52.42
49.42
51.02
50.8
51.04
50.74
49.64
50.76
51.54
50.3
50.7
50.26
51.08
51.46
51.28
49.82
50.6
50.28
50.62
50.74
50.62
51.72
51.96
50.98
50.36
50.08
50.94
49.68
51.68
50.2
49.48
50.94
47.52
50.66
51.2
50.8
50.22
51.46
50.18
51.1
49.52
50.48
51.68
51.02
49.68
50.7
50.38
49.32
52.18
51.24
52.42
50.78
51.58
49.48
50.92
50.1
48.88
51.3
51.6
49.92
51.12
49.92
52.34
50.74
50.06
50.42
51.34
50.16
50.22
51.48
51.36
51.38
50.78
51.04
50.02
50.02
50.14
49.06
48.52
51.68
50.4
49.96
50.32
52.18
50.26
50.42
50.76
50.24
50.66
50.38
50.78
50.92
49.16
50.78
50.74
50.98
51.24
48.9
50.76
50.18
50.66
50.42
51.26
50.9
49.9
52.22
50.38
50.36
50.04
51.56
51.08
49.96
51.52
48.96
50.72
49.9
49.88
50
50.6
51.1
51.42
50.5
52.02
50.32
49.9
49.4
51.16
51.16
50.06
50.76
50.38
50.4
50.42
51.42
50.18
49.16
50.36
50.26
50.9
50.8
50.84
51.44
50.6
51.6
50.38
51.56
51
51
49.54
50.24
51
50.84
51.3
51.3
50.74
51.12
51.16
50.04
51.1
49.54
49.94
50.8
51.26
51.5
51.34
51.44
51.08
50.84
51.7
50.76
50.18
50.86
50.4
50.5
49.54
50.34
51.44
50.94
51.38
49.76
51.1
51.18
50.34
52.26
50.18
49.82
49.64
51.38
51.2
51.7
52.2
50.62
51.18
50.44
51.16
50.84
50.88
51.2
50.36
50.48
50.48
50.22
51.5
50.18
50.34
49.82
49.58
51.26
51.7
51
49.5
52.58
51.24
50.44
50.14
51.64
48.14
51.66
52.26
50.68
49.36
50.04
49.94
51.04
50.74
51.3
50.22
49.9
51.18
51.3
50.02
51.66
50.72
51.68
50.6
52.08
49.88
52.46
51.08
51.62
49.86
49.66
49.32
51.52
50
51.2
49.98
50.56
50.9
50.16
51.82
50.74
50.68
51.8
50.08
50.08
49.66
50.4
49.56
51.46
50.4
50.72
50
50.24
49.82
49.5
52.02
51.46
50.58
50.94
51.68
50.98
50.94
50.24
48.98
52.02
51.34
50.16
50.34
49.8
50.46
51.46
50.86
51.24
49.48
50.9
51.8
50.64
50.64
51.56
50.18
50.32
52
51.2
48.9
50.68
50.72
51
50.18
49.26
50.76
50.4
51.52
50.66
50.78
50.92
50.44
50.52
51.9
50.18
51.26
51.06
50.4
48.3
49.26
48.8
52.44
51.48
50.8
50.68
51.36
49.9
50.34
51.04
50.08
50.62
50.74
50.68
50.98
51.22
50.54
50.42
51.14
50.56
51.78
50.28
51.54
51.78
51.02
50.58
50.76
50.86
49.5
50.96
50.36
50.02
51.02
50.76
50.96
51.96
51.46
50.72
51
49.42
49.68
50.14
51.34
51.68
50.82
51.1
50.5
50.46
51.06
52.52
49.28
51.78
51.64
52.64
51.58
50.2
50.74
51.48
49.54
51.08
51.52
49.44
49.98
50.54
51.38
50.76
49.24
49.62
50.1
50.14
49.72
50.1
50.66
51.72
50.38
50.96
51.74
50.92
50.44
51
50.92
48.84
52.38
49.88
50.48
49.1
52.08
50.7
51.1
51.44
51.3
50.34
49.86
49.2
49.96
51.62
51.74
50.66
49.64
49.88
50.3
50.26
50.76
51.72
52.36
50
50.64
50.08
51.04
51.14
51.14
51.38
51
50.12
50.46
51.66
49.36
50.84
51.66
49.54
48.82
50.5
50.5
51.3
50.48
50.94
49.56
50.44
49.54
51.62
50.38
51.8
51
51.44
51.56
50.82
51.16
49.54
50.4
49.98
50.26
50.14
51.66
50.42
50.56
50.32
50.48
50.72
49.94
50.5
50.54
52.64
51.14
50.02
52.62
51.38
50.42
51.2
52.88
51.2
50.64
50.12
50.34
50.5
50.78
51.08
51.76
50.8
49.08
51.78
50.3
49.82
50.12
52.08
49.38
50.66
50.8
50.88
51.5
49.7
50.84
50.64
51.1
51
51.32
50.46
51.02
51.54
50.2
50.1
51.64
51.08
51.28
51.38
49.46
50.14
50.42
50.22
50.66
50.72
52.46
50.7
51.52
49.88
51.3
51.78
49.96
50.04
50.16
50.2
50.14
50.22
51.18
50.34
50.64
51.14
50.84
51.66
50.32
51.08
50.62
50.32
50.08
50.9
50.5
50.62
50.24
50.78
50.82
50.46
50.98
50.92
51.14
49.42
50.58
51.34
50.58
51.26
49.1
51.24
50.02
51.12
51.92
50.28
50.38
50.44
50.94
49.96
51.18
50.68
50.96
50.62
49.66
50.44
50.74
50.04
51.34
49.4
50.88
49.9
51.86
50.4
50.18
51.8
51.26
50.18
49.64
49.58
49.7
50.66
51.34
50.12
50.48
51.24
51.32
51.08
51.52
51.5
52.14
50.26
50.26
49.94
52.12
50.54
50.58
51.16
50.5
50.64
50.42
50.68
51.04
50.68
51.56
49.68
50.36
50.1
50.72
50.04
50.32
49.98
51.12
49.46
50.74
50.02
51.42
49.04
51.48
50.02
49.48
50.9
51.58
50.98
51.2
50.5
50.6
49.68
51.4
51.52
50.98
51.64
50.12
48.88
49.98
50.14
50.48
50.74
51.16
51.16
49.72
50.14
51.2
51.18
51.08
49.56
51.06
51.02
51.58
51.16
51.84
50.74
49.4
50.18
49.9
50.08
51.36
50.08
49.44
51.9
50.42
50.22
49.66
51.48
51.78
50.36
50.76
51
50.08
51.08
51.58
49.94
52.08
50.52
49.72
49.5
50.52
50.44
50.46
51.54
50.52
49
51.14
50.18
49.88
50.32
51.12
50.6
51.08
51.5
50
51.1
50.56
50.24
49.9
50.86
51.98
49.74
49.56
50.62
50.62
49.76
50.52
48.94
51.18
50.44
49.82
51.52
50.7
51.72
51.4
50
52
50.6
50.94
50.28
49.66
51.38
51.34
50.44
50.5
50.04
51.44
51.88
50.86
51.9
51.44
51.7
49.02
51.08
50.68
49.82
50.2
51.06
50.8
49.96
51.68
50.62
52.02
49.66
51.22
49.62
51.48
49.6
51.88
50.92
51.2
50.68
50.16
50.12
49.98
50.76
50.66
50.6
50.76
49.52
49.84
49.66
49.52
51.54
50.44
49.94
50.96
51.34
49.86
50.44
50.26
50.12
49.32
49.8
49.68
50.52
49.64
48.64
50.7
50.4
50.32
48.86
49.26
50.36
50.76
50.96
51.84
49.9
51.12
52.36
49.88
50.88
49.28
50.88
50.62
52.58
50.52
50.96
50.48
50.8
50.7
50.7
51.22
50.84
51.04
50.48
52.5
50.98
50.42
50.98
50.16
49.1
52.02
50.98
51.96
50.22
51.58
51.42
50.7
49.96
49.62
50.24
52.12
50.64
50.22
51.6
50.38
50.2
50.32
50.22
49.3
51.68
51.6
52.06
52.76
51.64
50.16
52.34
52.24
51.4
49.74
51.56
50.66
50.82
51.46
49.6
49.38
51.96
50.74
50.42
51.5
51.02
49.78
49.98
51.42
50.14
51.02
51.26
48.82
50.52
51.04
50.86
51.32
50.58
49.86
50.82
50.28
51.22
50.6
52.22
50.96
50.48
49.56
51.48
51.5
49.88
49.86
49.68
50.18
50.62
50.72
49.42
50.94
50.96
49.98
49.82
49.28
50.88
51.16
51.34
50.6
52.18
49.32
49.62
50.74
48.66
50.42
50.8
50.34
49.96
50.14
49.72
50.38
51.48
53
50.76
49.42
50
51.9
50.94
50.72
52.06
50.2
50.1
51.48
51.48
51.08
51.06
49.38
51.66
51.74
50.56
49.9
50.28
50.3
50.86
50.66
52.18
50.02
52.16
50.44
49.96
49.94
51.32
51.92
51.1
51.24
50.52
50.5
52.56
51.2
50.82
50.2
50.26
49.5
49.36
49.96
50.98
51.78
50.68
51.62
52.72
50.84
50.76
51.8
51.02
52.4
50.54
51.4
50.68
51.04
50.56
49.3
50.06
48.68
50.92
50.42
49.92
49.54
49.3
51.92
51.06
50.72
49.6
50.58
52.18
50.02
49.42
51.02
51.72
50.44
50.52
49
50.96
51.54
51.38
50.36
51
50.08
50.88
50.74
51.42
51.24
51.22
50.64
50.14
50.38
50.32
51.32
52.34
50.28
51.5
48.92
50.1
50.38
51.84
50.16
49.8
51.18
49.88
51.16
48.76
50.88
50.68
51.2
51.42
50.06
49.68
50.06
50.26
50.74
51.16
50.52
51.72
49.78
51.2
51.26
51.12
49.24
49.82
49.06
50.9
51.84
49.88
49.44
51.08
50.8
50.8
51.96
50.86
50.48
50.96
52.1
50.1
51.22
50.42
50.94
51.26
50.98
51.42
50.42
50.04
49.98
51.3
50.8
49.96
50.66
49.88
50.86
50.64
50.24
51.26
50.98
50.4
50.44
51.56
51.36
50.3
49.36
50.96
50.14
50.82
50.92
50.6
49.6
51.84
50.62
50.84
50.54
51.38
50.58
50.58
49.56
49.96
49.1
50.22
49
51.68
50.88
50.7
51.54
50.54
51.42
49
51.98
48.44
51.74
50.58
51.32
51.24
49.46
51.22
51.06
50.96
49
50.18
50.66
51.12
51.26
51.36
50.24
52.32
48.68
50.84
51.76
51.84
51.08
50.62
49.82
50.8
51.02
49.86
50.56
50.48
49.66
50.08
50.74
50.96
50.02
49.3
49.54
50.78
51.22
51.28
50.2
51.72
51.34
50.66
51.94
51.88
49.08
50.3
51.62
49.7
52.1
51.56
52.26
51.22
50.9
50.36
50.72
49.82
51.6
50.3
51.36
51.02
50.54
51.66
51.04
52.42
50.02
50.88
50.62
51.78
51.74
50.58
51.78
50.66
50.48
50.86
49.14
51
49.22
49.88
50.34
49.96
49.58
51.3
51.38
50.9
49.54
50.82
50.7
49.6
51.3
50.98
49.7
50.64
50.7
52.02
51.34
50.76
50.54
50.1
50.98
50.68
51.4
51.08
50.6
51.64
50.48
49.54
50.94
51.04
48.64
50.26
51.82
49.96
49.94
49.76
50.94
50.44
50.56
49.84
50.44
50.12
50.54
51.26
51.24
51.36
51.38
50.38
49.5
51.9
51.22
50.8
50.88
49.9
50.86
51.18
50.42
50.22
50.4
49.96
51
51.44
50.94
51.04
50.22
50.36
50.6
49.82
51.1
50.64
50.66
49.9
50.22
49.68
50.14
50.34
52.04
49.8
50.32
51.14
51.64
50.8
49.8
50.16
50.48
50.2
50.98
50.78
49.8
49.92
51.52
51.02
49.38
51.16
51.52
50.16
50.24
49.98
49.92
51.2
50.58
49.82
50.62
51.34
50.32
50.38
49.62
49.7
50.68
49.58
51
51.96
50.98
50.84
51.28
50.48
51
50.76
51.16
51.2
50.26
50.56
50.92
52
49.8
50.42
50.36
50.84
50.04
50.44
50.66
50.64
51.2
50.4
51.72
50.76
48.94
51.7
50.8
50.46
51.94
49.4
50.1
50.98
50.76
50.24
50.74
52.12
49.7
50.64
50.34
50.36
51.76
50.18
50.66
50.96
49.82
51.1
49.58
51.86
49.9
50.14
49.94
50.94
50.72
51.58
50.22
51.16
50.76
49.36
50.24
51.16
50.34
50.52
50.72
50.76
50.5
50.3
49.4
50.14
51.48
50.32
50.42
51.82
51.56
50.2
50
50.46
50.78
50.9
49.98
50.66
50.46
52.16
50.68
50.34
52.1
51.8
51.14
49.52
51.6
51.62
50.68
50.24
51.6
50.72
50.52
50.42
50.28
50.88
49.5
50.14
50.5
50.48
51.12
50.5
50.62
50.72
50.2
50.82
49.82
51.58
50.42
51.18
51.32
49.24
50.66
50.52
50.78
49.38
50.66
49.32
50.42
50.74
51.38
50.32
50.82
50.24
50.48
49.8
50.38
50.7
51.54
49.98
51.36
50.1
50.14
49.76
51.2
49.44
50.02
49.14
51.38
49.94
50.64
50.06
50.94
50.42
51.5
49.14
51
48.86
48.68
50.7
49.88
49.28
50.62
51.96
50.52
50.6
50.46
51.48
50.56
50.2
50.18
49.36
50.36
50.6
51.3
50.6
50.64
50.06
50.46
50.58
50.68
51.26
51.18
50.76
51.06
51.14
51.2
51.18
50.44
50.5
49.94
49.78
49.2
50.62
51.5
50.4
49.92
49.94
51.36
50.48
49.62
49.96
51.18
49.82
51.34
50.8
50.86
50.28
50.7
51.2
49.1
50.26
51.26
49.5
52.08
51.84
51.82
50.86
50.28
50.5
50.58
50.36
50.04
51.54
51.3
50.18
50.74
51.82
50.48
50.12
51.2
50.68
51.76
50.9
50.56
49.78
50.88
50.94
51.14
50.6
49.46
51.5
50.9
50.36
50.9
50.22
50.02
49.9
51.2
51.42
53.06
49.16
50.52
51.6
51.34
50.88
50.74
50.52
49.46
50.18
49.46
50.26
50.24
48.98
50.74
50
50.46
51.36
50.08
49.64
51.12
50.12
50.5
48.7
51.48
51
50.34
51.64
49.74
50.88
50.48
51.6
50.34
50.2
51.24
50.02
51.36
51.3
50.1
50.44
49.7
50.42
51.16
51.2
51.86
48.98
50.28
49.94
49.9
50.44
50.9
49.52
51.44
49.14
50.46
50.82
50.7
49.86
51
49.98
51.4
50.32
51.48
51.5
51.24
51.88
50.04
50.44
48.94
51.06
51.62
50.44
50.72
50.08
49.78
50.48
50.22
50.84
50.86
50.96
51.6
51.18
50.16
50.82
50.86
50.48
50.64
50.78
50.6
50.18
50.86
49.86
51.3
50.22
50.12
50.94
50.22
50.86
50.76
51.06
49.86
52.34
49.82
50.8
49.88
52.28
50.48
51.22
49.08
51.36
