18
154664
20
84945
25864
51099
25841
23527
51
55289
2180
2181
2182
23305
60
87
10120
10097
91
130399
8728
101
8754
54507
196883
30817
84658
222487
133
83440
64782
2334
116986
79841
3267
3268
192670
23287
9447
56672
80709
64400
223
84964
247
240
241
80216
57538
249
196394
118932
651746
340120
91526
101927547
22881
389161
55129
338440
3730
290
306
313
100874264
8546
10947
11154
91056
317
54518
334
57136
164668
360
366
116985
64411
26286
10565
23647
383
392
84986
83478
23092
100874372
64333
396
9826
9828
8289
1820
10865
115761
402
379
127829
10095
409
27106
410
22901
433
444
28990
22926
89849
23130
10533
23250
23200
489
9914
9114
528
57198
6310
6314
8707
10678
374907
2683
9334
11041
10409
29994
166379
597
602
604
63035
617
222389
7439
340542
638
330
332
648
657
154743
660
663
254065
683
694
7832
64115
219833
144608
91574
283643
388115
29035
79415
374872
255809
10438
51279
54987
79169
55969
56683
348645
718
51161
728
101928448
203228
762
11238
51719
776
777
784
143384
84254
10645
23125
124583
10487
830
114769
84674
79587
837
839
375307
867
203260
79635
90693
152206
85478
26112
168455
79080
890
899
79616
81669
1230
2826
1233
1237
929
57126
914
960
4179
1604
965
970
978
993
10602
55038
60437
5218
23097
1019
6792
1039
81620
1084
1089
80054
1051
1052
27439
79019
100653515
55165
204219
112942
3075
8837
1105
26511
1123
11261
1135
51363
64377
22856
63922
23152
27141
10970
51192
10462
387837
338339
26253
23601
93978
6249
79789
1213
56942
80790
84319
113540
146225
54918
255919
29097
1265
8506
80781
1285
118881
27235
10699
1362
22849
80315
221184
57699
10404
1378
84766
9586
1387
1396
83716
1398
1408
1439
1441
1445
1452
1453
64651
8530
1475
4253
1488
1486
23399
9150
1493
404093
8452
1523
2919
58191
3577
30827
55086
1534
51167
1535
1545
285154
4051
84418
116159
23500
1602
57291
23604
28988
285429
9937
167227
51181
1643
220042
55794
54606
91351
54849
8560
22898
23258
28955
84649
25786
9993
85359
8527
1608
200895
79758
147015
51635
25979
8449
1729
57609
84925
27185
22839
548645
5611
100289274
80331
414245
1785
23268
1794
80005
79930
55715
9980
1803
147991
1806
55332
92749
1824
29940
64118
54920
1843
51207
1845
6993
8291
1871
1877
10969
1889
79746
55741
90288
54583
10938
126272
5610
317649
8672
2000
8178
9844
6785
133418
51016
2027
953
57089
8320
57634
2050
29924
58513
64787
2068
54821
2069
2077
90459
157697
10613
2081
30001
2114
2120
7813
54536
23404
11340
2137
2153
2166
8772
90362
23196
285172
116496
167555
84067
57700
26355
83989
283635
285550
63939
131583
51571
51307
9750
346653
153643
157638
51439
157769
22909
92565
84188
10516
64319
222235
64839
84961
26234
55336
26232
81545
93611
26190
2204
2208
2209
2210
9873
112812
2232
56929
83706
2242
2867
2865
89846
121512
2258
2254
143282
53834
2280
2289
11328
80308
400512
651430
2319
2321
2323
342184
752
64122
22862
64778
2355
2357
2358
23401
10129
11167
2529
2533
50486
9846
4616
90480
2584
2588
79695
79623
51809
2592
2597
8522
352954
2632
25801
257144
100126793
51659
10755
9815
2710
113263
152007
27165
144423
29998
2760
2762
51291
51292
2783
2790
54331
114814
2799
2805
84803
2823
57720
353345
2838
80045
26996
1880
2842
2850
9290
53831
9737
57655
2885
2870
2934
2970
100093631
9567
2992
3020
3021
9563
22927
401494
3034
145864
54930
3055
3066
9759
374659
81932
23593
57520
85441
26091
138050
3087
3091
3092
28996
7290
8479
3009
85235
8331
8340
8342
8358
8352
8968
8355
8356
3099
3101
3142
79618
3148
51155
90861
664709
100874362
3212
3214
3240
10855
3274
51170
51144
84263
3310
79663
3384
3422
3428
3454
3455
3458
3459
3475
3480
3486
3588
3597
23765
8809
8807
3553
3554
7850
3557
51561
3559
3566
3570
147727
3614
3625
283899
3632
253430
8826
9922
11213
51135
64207
3661
3664
3667
8660
3672
3679
3681
3684
3687
3689
3691
3702
85450
10625
3717
120425
23210
3726
284058
7994
23254
3753
3755
26251
23416
3772
3759
3783
154881
79070
22992
51780
23030
23135
3795
9674
80183
9778
9856
285600
23325
84162
85379
158405
63971
23095
55605
23046
3835
3797
3799
90990
9365
8609
11275
55295
9757
58508
8085
3837
83999
3875
200185
114294
7805
3927
26524
3930
3936
114823
11027
51474
54923
3985
8825
64130
283547
149837
339290
554279
283876
389634
401232
730227
100506516
104326191
645191
9516
4001
22853
100128164
100128239
100132249
100287015
100506127
100506585
100996246
100996579
101927151
101927412
101927780
101927851
101928674
101929544
102723766
105372482
105373383
107984895
171391
399715
400499
401472
554206
645513
125336
9170
10161
54947
10162
9926
339929
57622
116844
26018
26020
4043
79442
55222
10233
441381
64101
201255
65999
127255
120892
57633
286006
4046
4047
1241
4058
51631
23643
4067
145748
1130
4097
4118
55534
4123
4126
5608
4296
10746
4215
4217
9448
55700
5600
5603
1432
9261
51275
22919
64757
54708
4082
2011
23383
115004
151963
8932
114785
154141
199675
4171
4172
4175
79892
79772
55784
90550
29969
4200
10873
9968
4205
4209
4210
1955
51072
10461
4234
84641
8972
23295
10367
11043
90007
50488
407008
107075116
100500818
284757
102466865
254559
57591
8569
8079
197259
4298
326625
4311
4326
64386
4318
4332
55233
126308
22879
79710
158747
4352
10205
196264
92399
10335
100129827
10943
4478
4482
51734
253827
4515
4520
8897
4595
4600
4084
83463
439921
4607
4615
91807
4651
4644
9683
4665
64859
112939
10135
54187
4674
4675
26502
23218
29781
4688
4689
57701
23385
81565
57447
3340
4709
283131
54550
63941
5818
25945
257194
10783
51497
150372
4780
4782
4783
4792
64332
283948
51199
152519
56954
54413
58484
84166
91662
114548
171389
79671
4828
51314
9111
64802
4839
4853
9520
4835
7181
126382
2649
29982
4898
10412
79730
22978
51559
4913
84628
81788
57532
23165
8021
9818
101060691
8481
55301
26873
80228
114876
9885
114882
114883
5008
5013
165140
27334
54681
80336
55690
11252
11240
23569
5058
5062
5063
255967
55229
56666
79957
57060
64773
22990
27344
5833
9141
5144
5165
9260
5170
23590
118987
5037
55825
57161
5187
5193
5208
5209
5210
5226
5230
8993
5236
55276
9489
221692
1912
57649
51105
51317
5256
10745
221476
80119
101928527
5279
118788
5291
5293
644997
5294
23533
9867
5315
5316
5325
5328
151056
79887
5333
5336
5337
25894
10226
729359
440503
8611
403313
64748
5359
57047
84898
10154
5366
5371
285848
5429
5442
51367
5447
134187
5475
8500
8541
5495
8493
57460
5498
4659
4660
79660
5509
55607
55844
55012
5525
5530
151987
84106
7799
57580
5566
5573
5579
5580
5613
5618
10419
60675
344405
8559
57479
54458
9050
9991
5728
5732
5734
5746
2185
7803
5783
5791
5795
5797
5800
10744
54899
5829
5836
9444
25797
81890
401409
5861
55647
23011
53917
5873
100506233
10981
83452
9609
9545
339122
5868
7879
27342
5885
5899
57186
29098
23108
57826
51195
5914
101929693
5922
115727
9770
283349
8045
55225
5925
9821
375316
54502
494115
116362
3516
1102
23186
9401
285613
161253
9185
57455
25996
359845
10739
64326
5863
266747
83695
114822
57589
79608
57494
79890
6016
51132
151393
10535
54778
55658
55819
255488
81847
284996
220441
11237
22838
6093
6094
83853
6097
6102
100505761
6173
10557
6191
6195
58528
6241
8568
9136
54665
6253
10313
57142
862
6282
6283
6275
6277
6279
6280
6286
1901
8698
140700
401474
161394
55095
142891
64092
81846
728769
113178
677769
619207
6386
57001
221935
56948
9919
9554
9871
11231
140606
6404
64218
10509
54910
10507
10501
5265
1992
5273
83667
10291
94097
112869
10603
387694
6452
80851
51100
30011
285590
344558
92799
8036
57477
8778
27180
10280
23309
6494
26037
57568
23094
140885
10326
284759
128646
27240
8935
6497
6498
6503
6556
56996
9123
6573
6507
6580
55356
51310
57419
123041
114789
55972
9673
284129
116369
144195
6515
340146
54733
206358
120103
84255
23446
283537
6524
6533
6546
6548
121456
23315
28232
353189
81796
643036
7871
128710
64744
6604
9887
440957
197187
8773
654434
100505616
8420
574040
677798
594837
692057
9303
26819
26816
26805
26773
6627
29887
112574
81609
6646
8835
9021
6647
6648
387104
6655
6667
3431
10615
9825
51324
6688
169981
646424
339745
84888
200734
84727
165679
5552
6732
6733
54434
85464
728039
400410
6483
6484
55808
10610
256435
10274
6774
6775
6777
27067
79689
9262
282974
11329
50861
6801
8676
6809
6813
134957
55959
6799
27284
285362
55578
6832
9766
6840
10388
8867
6888
26115
23216
57533
23329
102723859
11138
9755
6907
10312
55346
55775
51567
122402
9895
10178
9633
54790
200424
51368
7039
7040
7053
10618
7057
9473
8563
92610
7077
114609
27134
7086
8277
7090
7091
7094
7096
7097
7098
7099
7100
10333
51311
54106
53346
9375
57458
55002
283578
89894
83862
55654
55858
153339
100113407
79134
25880
23670
114801
388564
54916
55161
120224
55529
92162
641649
27346
8794
7132
8718
8743
10673
7292
23534
84629
10043
9537
90313
94241
219931
7169
8717
10131
79865
10221
7706
117854
81603
286144
55621
57570
7220
7226
140803
81628
57616
706
55720
23331
100506866
80727
27175
55787
7295
7321
7326
54926
55284
134510
29855
22888
29978
80019
137886
55293
7357
23074
8408
7374
51733
7378
79650
9960
84640
84196
8078
10813
10911
9218
7408
10451
1462
79609
8876
8875
79720
23355
9605
340547
54621
143187
7454
23001
57705
57418
348793
11180
100131176
7456
58525
79971
80326
51384
7476
55884
23214
7516
7518
22803
57002
10897
54432
253943
51776
7535
100381270
113763
9841
23144
23390
84243
7538
677
9765
22882
7750
84225
64397
51351
7773
9534
10172
23528
23036
57567
7582
22891
25946
220929
353274
168544
197407
84838
9658
348327
386758
54807
90874
155061
90321
126208
100507290
169834
8233
7741
57688
11130
7791
